173
0 0
0 0
13
0 WIZARD 1000 5250 0 0 0
1 WIZARD 1000 2250 0 0 0
2 OPPONENT_WIZARD 15000 2250 0 0 0
3 OPPONENT_WIZARD 15000 5250 0 0 0
4 SNAFFLE 5662 6771 0 0 0
5 SNAFFLE 10338 729 0 0 0
6 SNAFFLE 2610 1473 0 0 0
7 SNAFFLE 13390 6027 0 0 0
8 SNAFFLE 3973 4986 0 0 0
9 SNAFFLE 12027 2514 0 0 0
10 SNAFFLE 8000 3750 0 0 0
11 BLUDGER 7450 3750 0 0 -1
12 BLUDGER 8550 3750 0 0 -1
M 1149 5237 150
M 1135 2185 150
002
173
Standard Error Stream:
M 14851 2263 135
M 14865 5315 135
003
173
Standard Error Stream:
0 1
0 1
13
0 WIZARD 1149 5237 112 -10 0
1 WIZARD 1135 2185 101 -49 0
2 OPPONENT_WIZARD 14866 2262 -101 9 0
3 OPPONENT_WIZARD 14878 5309 -91 44 0
4 SNAFFLE 5662 6771 0 0 0
5 SNAFFLE 10338 729 0 0 0
6 SNAFFLE 2610 1473 0 0 0
7 SNAFFLE 13390 6027 0 0 0
8 SNAFFLE 3973 4986 0 0 0
9 SNAFFLE 12027 2514 0 0 0
10 SNAFFLE 8000 3750 0 0 0
11 BLUDGER 7328 3778 -110 25 -1
12 BLUDGER 8672 3722 110 -25 -1
M 1298 5224 150
M 1270 2120 150
004
173
Standard Error Stream:
M 14717 2275 135
M 14743 5374 135
005
173
Standard Error Stream:
0 2
0 2
13
0 WIZARD 1410 5214 196 -17 0
1 WIZARD 1371 2071 177 -86 0
2 OPPONENT_WIZARD 14631 2283 -177 16 0
3 OPPONENT_WIZARD 14665 5412 -159 77 0
4 SNAFFLE 5662 6771 0 0 0
5 SNAFFLE 10338 729 0 0 0
6 SNAFFLE 2610 1473 0 0 0
7 SNAFFLE 13390 6027 0 0 0
8 SNAFFLE 3973 4986 0 0 0
9 SNAFFLE 12027 2514 0 0 0
10 SNAFFLE 8000 3750 0 0 0
11 BLUDGER 7096 3832 -208 48 -1
12 BLUDGER 8904 3668 208 -48 -1
M 1547 5153 150
M 1521 2063 150
006
173
Standard Error Stream:
M 14483 2259 135
M 14519 5444 135
007
173
Standard Error Stream:
0 3
0 3
13
0 WIZARD 1743 5136 250 -59 0
1 WIZARD 1698 1977 245 -70 0
2 OPPONENT_WIZARD 14321 2277 -233 -4 0
3 OPPONENT_WIZARD 14374 5518 -218 79 0
4 SNAFFLE 5662 6771 0 0 0
5 SNAFFLE 10338 729 0 0 0
6 SNAFFLE 2610 1473 0 0 0
7 SNAFFLE 13390 6027 0 0 0
8 SNAFFLE 3973 4986 0 0 0
9 SNAFFLE 12027 2514 0 0 0
10 SNAFFLE 8000 3750 0 0 0
11 BLUDGER 6767 3910 -297 70 -1
12 BLUDGER 9233 3591 297 -70 -1
M 3973 4986 150
M 2610 1473 150
008
173
Standard Error Stream:
M 12027 2514 135
M 13390 6027 135
009
173
Standard Error Stream:
0 4
0 4
13
0 WIZARD 2143 5067 300 -52 0
1 WIZARD 2074 1834 282 -107 0
2 OPPONENT_WIZARD 13954 2287 -275 7 0
3 OPPONENT_WIZARD 14036 5659 -253 106 0
4 SNAFFLE 5662 6771 0 0 0
5 SNAFFLE 10338 729 0 0 0
6 SNAFFLE 2610 1473 0 0 0
7 SNAFFLE 13390 6027 0 0 0
8 SNAFFLE 3973 4986 0 0 0
9 SNAFFLE 12027 2514 0 0 0
10 SNAFFLE 8000 3750 0 0 0
11 BLUDGER 6349 4010 -377 90 -1
12 BLUDGER 9651 3490 376 -91 -1
M 3973 4986 150
M 2610 1473 150
010
173
Standard Error Stream:
M 12027 2514 135
M 13390 6027 135
011
173
Standard Error Stream:
0 5
0 5
13
0 WIZARD 2593 5008 337 -44 0
1 WIZARD 2480 1643 305 -143 1
2 OPPONENT_WIZARD 13545 2310 -307 17 0
3 OPPONENT_WIZARD 13666 5832 -278 130 1
4 SNAFFLE 5662 6771 0 0 0
5 SNAFFLE 10338 729 0 0 0
6 SNAFFLE 2480 1643 305 -143 1
7 SNAFFLE 13666 5832 -278 130 1
8 SNAFFLE 3973 4986 0 0 0
9 SNAFFLE 12027 2514 0 0 0
10 SNAFFLE 8000 3750 0 0 0
11 BLUDGER 5851 4130 -448 108 -1
12 BLUDGER 10147 3365 447 -112 -1
M 3973 4986 150
T 16000 1643 500
012
173
Standard Error Stream:
M 12027 2514 135
T 0 5832 500
013
173
Standard Error Stream:
0 6
0 6
13
0 WIZARD 3080 4962 365 -35 0
1 WIZARD 2785 1500 229 -107 0
2 OPPONENT_WIZARD 13104 2345 -331 26 0
3 OPPONENT_WIZARD 13388 5962 -209 98 0
4 SNAFFLE 5662 6771 0 0 0
5 SNAFFLE 10338 729 0 0 0
6 SNAFFLE 3785 1500 979 -107 0
7 SNAFFLE 12388 5962 -959 98 0
8 SNAFFLE 3973 4986 0 0 0
9 SNAFFLE 12027 2514 0 0 0
10 SNAFFLE 8000 3750 0 0 0
11 BLUDGER 5282 4271 -512 126 -1
12 BLUDGER 10713 3216 510 -134 -1
M 3973 4986 150
M 3785 1500 150
014
173
Standard Error Stream:
M 12027 2514 135
M 12388 5962 135
015
173
Standard Error Stream:
0 7
0 7
13
0 WIZARD 3595 4931 386 -23 1
1 WIZARD 3164 1393 284 -80 0
2 OPPONENT_WIZARD 12640 2392 -348 35 0
3 OPPONENT_WIZARD 13044 6060 -258 74 0
4 SNAFFLE 5662 6771 0 0 0
5 SNAFFLE 10338 729 0 0 0
6 SNAFFLE 4764 1393 734 -80 0
7 SNAFFLE 11429 6060 -719 74 0
8 SNAFFLE 3595 4931 386 -23 1
9 SNAFFLE 12027 2514 0 0 0
10 SNAFFLE 8000 3750 0 0 0
11 BLUDGER 4651 4434 -568 147 -1
12 BLUDGER 11340 3039 565 -159 -1
T 16000 4931 500
M 4764 1393 150
016
173
Standard Error Stream:
M 12027 2514 135
M 11429 6060 135
017
173
Standard Error Stream:
0 8
0 8
13
0 WIZARD 3372 5394 -725 792 0
1 WIZARD 3598 1313 326 -60 0
2 OPPONENT_WIZARD 12444 2153 554 -918 1
3 OPPONENT_WIZARD 12651 6134 -295 56 0
4 SNAFFLE 5662 6771 0 0 0
5 SNAFFLE 10338 729 0 0 0
6 SNAFFLE 5498 1313 551 -60 0
7 SNAFFLE 10710 6134 -539 56 0
8 SNAFFLE 4981 4908 1040 -17 0
9 SNAFFLE 12444 2153 554 -918 1
10 SNAFFLE 8000 3750 0 0 0
11 BLUDGER 4046 4574 -461 59 0
12 BLUDGER 11981 2862 472 -49 2
M 4981 4908 150
M 5498 1313 150
018
173
Standard Error Stream:
T 0 2153 500
M 10710 6134 135
019
173
Standard Error Stream:
0 9
0 9
13
0 WIZARD 2791 6143 -436 561 0
1 WIZARD 4074 1253 357 -45 0
2 OPPONENT_WIZARD 12998 1235 416 -689 0
3 OPPONENT_WIZARD 12221 6190 -323 42 0
4 SNAFFLE 5662 6771 0 0 0
5 SNAFFLE 10338 729 0 0 0
6 SNAFFLE 6049 1253 413 -45 0
7 SNAFFLE 10171 6190 -404 42 0
8 SNAFFLE 6021 4891 780 -13 0
9 SNAFFLE 11998 1235 -335 -689 0
10 SNAFFLE 8000 3750 0 0 0
11 BLUDGER 3568 4509 -430 -58 0
12 BLUDGER 12478 2935 447 66 2
M 5662 6771 150
M 6049 1253 150
020
173
Standard Error Stream:
M 11998 1235 135
M 10171 6190 135
021
173
Standard Error Stream:
0 10
0 10
13
0 WIZARD 2502 6736 -217 445 0
1 WIZARD 4581 1208 380 -34 0
2 OPPONENT_WIZARD 13279 546 211 -517 0
3 OPPONENT_WIZARD 11763 6232 -344 32 0
4 SNAFFLE 5662 6771 0 0 0
5 SNAFFLE 10338 729 0 0 0
6 SNAFFLE 6462 1208 310 -34 0
7 SNAFFLE 9767 6232 -303 32 0
8 SNAFFLE 6801 4878 585 -10 0
9 SNAFFLE 11663 546 -251 -517 0
10 SNAFFLE 8000 3750 0 0 0
11 BLUDGER 3157 4327 -370 -163 0
12 BLUDGER 12915 3126 393 172 2
M 5662 6771 150
M 6462 1208 150
022
173
Standard Error Stream:
M 11663 546 135
M 9767 6232 135
023
173
Standard Error Stream:
0 11
0 11
13
0 WIZARD 2435 7017 -50 -335 0
1 WIZARD 5111 1174 398 -26 0
2 OPPONENT_WIZARD 13355 771 57 388 0
3 OPPONENT_WIZARD 11284 6264 -359 24 0
4 SNAFFLE 5662 6771 0 0 0
5 SNAFFLE 10338 729 0 0 0
6 SNAFFLE 6772 1174 233 -26 0
7 SNAFFLE 9464 6264 -227 24 0
8 SNAFFLE 7386 4868 439 -8 0
9 SNAFFLE 11412 271 -188 388 0
10 SNAFFLE 8000 3750 0 0 0
11 BLUDGER 2839 4050 -286 -249 0
12 BLUDGER 13265 3415 315 260 2
M 5662 6771 150
M 6772 1174 150
024
173
Standard Error Stream:
M 11412 271 135
M 9464 6264 135
025
173
Standard Error Stream:
0 12
0 12
13
0 WIZARD 2535 6671 75 -260 0
1 WIZARD 5659 1148 411 -20 0
2 OPPONENT_WIZARD 13281 1125 -55 266 0
3 OPPONENT_WIZARD 10790 6288 -371 18 0
4 SNAFFLE 5662 6771 0 0 0
5 SNAFFLE 10338 729 0 0 0
6 SNAFFLE 7005 1148 175 -20 0
7 SNAFFLE 9237 6288 -170 18 0
8 SNAFFLE 7825 4860 329 -6 0
9 SNAFFLE 11224 659 -141 291 0
10 SNAFFLE 8000 3750 0 0 0
11 BLUDGER 2630 3703 -188 -312 0
12 BLUDGER 13509 3778 219 326 2
M 5662 6771 150
M 7005 1148 150
026
173
Standard Error Stream:
M 11224 659 135
M 9237 6288 135
027
173
Standard Error Stream:
0 13
0 13
13
0 WIZARD 2760 6416 169 -191 0
1 WIZARD 6220 1128 421 -15 0
2 OPPONENT_WIZARD 13094 1361 -140 177 0
3 OPPONENT_WIZARD 10284 6306 -380 14 0
4 SNAFFLE 5662 6771 0 0 0
5 SNAFFLE 10338 729 0 0 0
6 SNAFFLE 7180 1128 131 -15 0
7 SNAFFLE 9067 6306 -128 14 0
8 SNAFFLE 8154 4854 247 -5 0
9 SNAFFLE 11083 950 -106 218 0
10 SNAFFLE 8000 3750 0 0 0
11 BLUDGER 2538 3310 -83 -353 0
12 BLUDGER 13636 4189 114 370 2
M 5662 6771 150
M 7180 1128 150
028
173
Standard Error Stream:
M 11083 950 135
M 9067 6306 135
029
173
Standard Error Stream:
0 14
0 14
13
0 WIZARD 3078 6243 238 -130 0
1 WIZARD 6791 1113 428 -11 0
2 OPPONENT_WIZARD 12822 1511 -204 112 0
3 OPPONENT_WIZARD 9769 6320 -386 11 0
4 SNAFFLE 5662 6771 0 0 0
5 SNAFFLE 10338 729 0 0 0
6 SNAFFLE 7311 1113 98 -11 0
7 SNAFFLE 8939 6320 -96 11 0
8 SNAFFLE 8401 4849 185 -4 0
9 SNAFFLE 10977 1168 -80 164 0
10 SNAFFLE 8000 3750 0 0 0
11 BLUDGER 2563 2893 22 -375 0
12 BLUDGER 13644 4626 7 393 2
M 5662 6771 150
M 7311 1113 150
030
173
Standard Error Stream:
M 10977 1168 135
M 8939 6320 135
031
173
Standard Error Stream:
0 15
0 15
13
0 WIZARD 3463 6143 289 -75 0
1 WIZARD 7369 1102 434 -8 1
2 OPPONENT_WIZARD 12485 1598 -253 65 0
3 OPPONENT_WIZARD 9248 6331 -391 8 0
4 SNAFFLE 5662 6771 0 0 0
5 SNAFFLE 10338 729 0 0 0
6 SNAFFLE 7369 1102 434 -8 1
7 SNAFFLE 8843 6331 -72 8 0
8 SNAFFLE 8586 4845 139 -3 0
9 SNAFFLE 10897 1332 -60 123 0
10 SNAFFLE 8000 3750 0 0 0
11 BLUDGER 2700 2469 123 -381 0
12 BLUDGER 13536 5069 -97 399 2
M 5662 6771 150
T 16000 1102 500
032
173
Standard Error Stream:
M 10897 1332 135
M 8843 6331 135
033
173
Standard Error Stream:
0 16
0 16
13
0 WIZARD 3896 6109 325 -25 0
1 WIZARD 7803 1094 326 -6 0
2 OPPONENT_WIZARD 12099 1641 -290 32 0
3 OPPONENT_WIZARD 8722 6339 -395 6 1
4 SNAFFLE 5662 6771 0 0 0
5 SNAFFLE 10338 729 0 0 0
6 SNAFFLE 8803 1094 1076 -6 0
7 SNAFFLE 8722 6339 -395 6 1
8 SNAFFLE 8725 4842 104 -2 0
9 SNAFFLE 10837 1455 -45 92 0
10 SNAFFLE 8000 3750 0 0 0
11 BLUDGER 2943 2053 219 -375 0
12 BLUDGER 13319 5503 -195 391 2
M 5662 6771 150
M 8803 1094 150
034
173
Standard Error Stream:
M 10837 1455 135
T 0 6339 500
035
173
Standard Error Stream:
0 17
0 17
13
0 WIZARD 4361 6137 349 21 0
1 WIZARD 8279 1088 357 -5 0
2 OPPONENT_WIZARD 11675 1653 -318 9 0
3 OPPONENT_WIZARD 8327 6345 -296 5 0
4 SNAFFLE 5662 6771 0 0 0
5 SNAFFLE 10338 729 0 0 0
6 SNAFFLE 9879 1088 807 -5 0
7 SNAFFLE 7327 6345 -1046 5 0
8 SNAFFLE 8829 4840 78 -2 0
9 SNAFFLE 10792 1547 -34 69 0
10 SNAFFLE 8000 3750 0 0 0
11 BLUDGER 3285 1654 307 -359 0
12 BLUDGER 13001 5916 -286 372 2
M 5662 6771 150
M 9879 1088 150
036
173
Standard Error Stream:
M 10792 1547 135
M 7327 6345 135
037
173
Standard Error Stream:
0 18
0 18
13
0 WIZARD 4845 6224 363 65 0
1 WIZARD 8786 1083 380 -4 0
2 OPPONENT_WIZARD 11223 1646 -339 -5 0
3 OPPONENT_WIZARD 7896 6350 -323 4 0
4 SNAFFLE 5662 6771 0 0 0
5 SNAFFLE 10338 729 0 0 0
6 SNAFFLE 10686 1083 605 -4 0
7 SNAFFLE 6281 6350 -785 4 0
8 SNAFFLE 8907 4838 59 -2 0
9 SNAFFLE 10758 1616 -26 52 0
10 SNAFFLE 8000 3750 0 0 0
11 BLUDGER 3716 1281 388 -336 0
12 BLUDGER 12591 6299 -369 345 2
M 5662 6771 150
M 10338 729 150
038
173
Standard Error Stream:
M 10758 1616 135
M 6281 6350 135
039
173
Standard Error Stream:
0 19
0 19
13
0 WIZARD 5333 6372 366 111 1
1 WIZARD 9312 1046 395 -28 0
2 OPPONENT_WIZARD 10749 1632 -355 -10 1
3 OPPONENT_WIZARD 7438 6354 -344 3 0
4 SNAFFLE 5662 6771 0 0 0
5 SNAFFLE 10338 729 0 0 0
6 SNAFFLE 11291 1079 454 -3 0
7 SNAFFLE 5333 6372 366 111 1
8 SNAFFLE 8966 4836 44 -2 0
9 SNAFFLE 10749 1632 -355 -10 1
10 SNAFFLE 8000 3750 0 0 0
11 BLUDGER 4229 940 462 -307 0
12 BLUDGER 12097 6645 -445 312 2
T 5339 6364 500
M 10338 729 150
040
173
Standard Error Stream:
T 0 1632 500
M 5662 6771 135
041
173
Standard Error Stream:
0 20
0 20
13
0 WIZARD 5699 6483 275 83 0
1 WIZARD 9850 974 404 -54 0
2 OPPONENT_WIZARD 10394 1622 -266 -8 0
3 OPPONENT_WIZARD 6963 6388 -357 25 0
4 SNAFFLE 5662 6771 0 0 0
5 SNAFFLE 10338 729 0 0 0
6 SNAFFLE 11745 1076 341 -2 0
7 SNAFFLE 6299 5683 725 -517 0
8 SNAFFLE 9010 4834 33 -2 0
9 SNAFFLE 9394 1622 -1016 -8 0
10 SNAFFLE 8000 3750 0 0 0
11 BLUDGER 4816 636 528 -274 0
12 BLUDGER 11527 6949 -513 274 2
M 5662 6771 150
M 10338 729 150
042
173
Standard Error Stream:
M 10338 729 135
M 6299 5683 135
043
173
Standard Error Stream:
0 21
0 21
13
0 WIZARD 5839 6766 -164 333 0
1 WIZARD 10121 487 184 -392 1
2 OPPONENT_WIZARD 10386 1845 14 194 0
3 OPPONENT_WIZARD 6629 6263 19 -214 0
4 SNAFFLE 5662 6771 0 0 0
5 SNAFFLE 10121 487 184 -392 1
6 SNAFFLE 12086 1074 256 -2 0
7 SNAFFLE 7024 5166 544 -388 0
8 SNAFFLE 9043 4832 25 -2 0
9 SNAFFLE 8378 1614 -762 -6 0
10 SNAFFLE 8000 3750 0 0 0
11 BLUDGER 5469 370 587 -239 0
12 BLUDGER 10890 7208 -573 233 2
M 5662 6771 150
T 10131 490 500
044
173
Standard Error Stream:
M 10121 487 135
M 5662 6771 135
045
173
Standard Error Stream:
0 22
0 22
13
0 WIZARD 5525 7097 -235 -253 1
1 WIZARD 10305 705 138 294 0
2 OPPONENT_WIZARD 10374 1906 -9 46 0
3 OPPONENT_WIZARD 6528 6112 -75 -113 0
4 SNAFFLE 5525 7097 -235 -253 1
5 SNAFFLE 11263 382 856 -78 0
6 SNAFFLE 12342 1072 192 -2 0
7 SNAFFLE 7568 4778 408 -291 0
8 SNAFFLE 9068 4830 19 -2 0
9 SNAFFLE 7616 1608 -572 -5 0
10 SNAFFLE 8000 3750 0 0 0
11 BLUDGER 6181 266 641 212 0
12 BLUDGER 10195 7186 -626 -185 2
T 16000 7097 500
M 11263 382 150
046
173
Standard Error Stream:
M 10436 1769 135
M 6572 6255 135
047
173
Standard Error Stream:
0 23
0 23
13
0 WIZARD 5290 6844 -176 -190 0
1 WIZARD 10585 951 210 185 0
2 OPPONENT_WIZARD 10421 1829 35 -58 0
3 OPPONENT_WIZARD 6493 6128 -26 12 0
4 SNAFFLE 6290 6844 574 -190 0
5 SNAFFLE 12119 304 642 -59 0
6 SNAFFLE 12534 1070 144 -2 0
7 SNAFFLE 7976 4487 306 -218 0
8 SNAFFLE 9087 4828 14 -2 0
9 SNAFFLE 7044 1603 -429 -4 0
10 SNAFFLE 8000 3750 0 0 0
11 BLUDGER 6946 491 689 203 0
12 BLUDGER 9449 6966 -671 -198 2
M 6290 6844 150
M 12119 304 150
048
173
Standard Error Stream:
M 10571 1821 135
M 6473 6277 135
049
173
Standard Error Stream:
0 24
0 24
13
0 WIZARD 5264 6654 -20 -143 0
1 WIZARD 10951 1031 303 -16 0
2 OPPONENT_WIZARD 10573 1811 85 62 0
3 OPPONENT_WIZARD 6449 6274 -33 109 0
4 SNAFFLE 6864 6654 431 -143 0
5 SNAFFLE 12761 245 482 -44 0
6 SNAFFLE 12678 1068 108 -2 0
7 SNAFFLE 8282 4269 230 -164 0
8 SNAFFLE 9101 4826 11 -2 0
9 SNAFFLE 6615 1599 -322 -3 0
10 SNAFFLE 8000 3750 0 0 0
11 BLUDGER 7759 710 732 197 0
12 BLUDGER 8658 6734 -712 -209 2
M 5309 6797 150
M 12678 1068 150
050
173
Standard Error Stream:
M 10660 1688 135
M 6599 6272 135
051
173
Standard Error Stream:
0 25
0 25
13
0 WIZARD 5289 6654 19 0 0
1 WIZARD 11404 1018 340 -10 0
2 OPPONENT_WIZARD 10736 1763 122 -36 0
3 OPPONENT_WIZARD 6551 6381 76 80 0
4 SNAFFLE 7295 6511 323 -107 0
5 SNAFFLE 13243 201 362 -33 0
6 SNAFFLE 12786 1066 81 -2 0
7 SNAFFLE 8512 4105 173 -123 0
8 SNAFFLE 9112 4824 8 -2 0
9 SNAFFLE 6293 1596 -242 -2 0
10 SNAFFLE 8000 3750 0 0 0
11 BLUDGER 8607 953 764 218 0
12 BLUDGER 7824 6500 -751 -211 2
M 5439 6642 150
M 12786 1066 150
052
173
Standard Error Stream:
M 10876 1710 135
M 6695 6339 135
053
173
Standard Error Stream:
0 26
0 26
13
0 WIZARD 5458 6642 126 -9 0
1 WIZARD 11894 1013 367 -4 0
2 OPPONENT_WIZARD 10984 1679 186 -63 0
3 OPPONENT_WIZARD 6274 6481 -1040 175 1
4 SNAFFLE 6274 6481 -1040 175 1
5 SNAFFLE 13605 168 272 -25 0
6 SNAFFLE 12867 1064 61 -2 0
7 SNAFFLE 8685 3982 130 -92 0
8 SNAFFLE 9120 4822 6 -2 0
9 SNAFFLE 6051 1594 -182 -2 0
10 SNAFFLE 8000 3750 0 0 0
11 BLUDGER 9488 1215 793 236 0
12 BLUDGER 7127 6260 -484 -232 3
M 5601 6598 150
M 12867 1064 150
054
173
Standard Error Stream:
M 12867 1064 135
T 86 5298 500
055
173
Standard Error Stream:
0 27
0 27
13
0 WIZARD 4455 6841 -776 154 1
1 WIZARD 12411 1017 388 3 0
2 OPPONENT_WIZARD 11298 1574 236 -79 0
3 OPPONENT_WIZARD 5833 6753 -650 377 0
4 SNAFFLE 4455 6841 -776 154 1
5 SNAFFLE 13877 157 204 19 0
6 SNAFFLE 12928 1062 46 -2 0
7 SNAFFLE 8815 3890 98 -69 0
8 SNAFFLE 9126 4820 5 -2 0
9 SNAFFLE 5869 1592 -137 -2 0
10 SNAFFLE 8000 3750 0 0 0
11 BLUDGER 10400 1488 821 246 0
12 BLUDGER 6605 6012 -418 -250 3
T 16000 6841 500
M 12928 1062 150
056
173
Standard Error Stream:
M 12928 1062 135
M 4455 6841 135
057
173
Standard Error Stream:
0 28
0 28
13
0 WIZARD 3679 6995 -582 116 0
1 WIZARD 12948 1033 403 12 1
2 OPPONENT_WIZARD 12069 1375 925 -217 0
3 OPPONENT_WIZARD 5048 7061 -589 -289 0
4 SNAFFLE 4679 6995 168 116 0
5 SNAFFLE 14081 176 153 14 0
6 SNAFFLE 12948 1033 403 12 1
7 SNAFFLE 8913 3821 74 -52 0
8 SNAFFLE 9131 4818 4 -2 0
9 SNAFFLE 5732 1590 -103 -2 0
10 SNAFFLE 8000 3750 0 0 0
11 BLUDGER 11295 1756 753 251 2
12 BLUDGER 6070 5807 -481 -185 3
M 4679 6995 150
T 13818 1526 500
058
173
Standard Error Stream:
M 12948 1033 135
M 4679 6995 135
059
173
Standard Error Stream:
0 29
0 29
13
0 WIZARD 3247 7089 -324 -87 0
1 WIZARD 13875 845 796 -180 0
2 OPPONENT_WIZARD 12596 1309 295 -11 0
3 OPPONENT_WIZARD 4326 6748 -541 -235 1
4 SNAFFLE 4326 6748 -541 -235 1
5 SNAFFLE 14234 190 115 11 0
6 SNAFFLE 14221 1538 955 379 0
7 SNAFFLE 8987 3769 56 -39 0
8 SNAFFLE 9135 4816 3 -2 0
9 SNAFFLE 5629 1588 -77 -2 0
10 SNAFFLE 8000 3750 0 0 0
11 BLUDGER 12163 1957 781 181 2
12 BLUDGER 5477 5678 -534 -116 3
M 4326 6748 150
M 14234 190 150
060
173
Standard Error Stream:
M 14221 1538 135
T 3366 6468 500
061
173
Standard Error Stream:
0 30
0 30
13
0 WIZARD 3066 6957 -136 -99 0
1 WIZARD 14743 533 651 -234 0
2 OPPONENT_WIZARD 13025 1317 322 6 0
3 OPPONENT_WIZARD 3785 6513 -406 -176 0
4 SNAFFLE 2825 6233 -1126 -386 0
5 SNAFFLE 14349 201 86 8 0
6 SNAFFLE 15176 1917 716 284 0
7 SNAFFLE 9043 3730 42 -29 0
8 SNAFFLE 9138 4814 2 -2 0
9 SNAFFLE 5552 1586 -58 -2 0
10 SNAFFLE 8000 3750 0 0 0
11 BLUDGER 13049 2070 797 102 2
12 BLUDGER 4837 5629 -576 -44 3
M 2825 6233 150
M 14349 201 150
062
173
Standard Error Stream:
M 14349 201 135
M 2825 6233 135
063
173
Standard Error Stream:
0 31
0 31
13
0 WIZARD 2662 6861 -331 -53 0
1 WIZARD 15279 598 402 248 0
2 OPPONENT_WIZARD 13450 1236 319 -61 0
3 OPPONENT_WIZARD 3470 6154 -208 -288 0
4 SNAFFLE 1699 5847 -845 -290 0
5 SNAFFLE 14435 209 65 6 0
6 SNAFFLE 15892 2201 537 213 0
7 SNAFFLE 9085 3701 32 -22 0
8 SNAFFLE 9140 4812 2 -2 0
9 SNAFFLE 5494 1584 -44 -2 0
10 SNAFFLE 8000 3750 0 0 0
11 BLUDGER 13939 2088 801 16 2
12 BLUDGER 4161 5660 -608 28 3
M 1699 5847 150
M 14435 209 150
064
173
Standard Error Stream:
M 14435 209 135
M 1699 5847 135
065
173
Standard Error Stream:
1 32
0 32
12
0 WIZARD 2209 6722 -652 283 0
1 WIZARD 15545 783 199 139 0
2 OPPONENT_WIZARD 13862 1078 309 -119 0
3 OPPONENT_WIZARD 2718 6067 -535 -290 0
4 SNAFFLE 854 5557 -634 -218 0
5 SNAFFLE 14500 215 49 5 0
7 SNAFFLE 9117 3679 24 -17 0
8 SNAFFLE 9142 4810 2 -2 0
9 SNAFFLE 5450 1582 -33 -2 0
10 SNAFFLE 8000 3750 0 0 0
11 BLUDGER 14824 2011 796 -69 2
12 BLUDGER 3509 5735 -544 43 3
M 854 5557 150
M 14500 215 150
066
173
Standard Error Stream:
M 14500 215 135
M 854 5557 135
067
173
Standard Error Stream:
1 33
0 33
12
0 WIZARD 1443 6907 -574 139 0
1 WIZARD 15588 850 -50 51 0
2 OPPONENT_WIZARD 14251 850 292 -171 0
3 OPPONENT_WIZARD 2053 5741 -499 -244 0
4 SNAFFLE 220 5339 -476 -164 0
5 SNAFFLE 14549 220 37 4 0
7 SNAFFLE 9141 3662 18 -13 0
8 SNAFFLE 9144 4808 2 -2 0
9 SNAFFLE 5417 1580 -25 -2 0
10 SNAFFLE 8000 3750 0 0 0
11 BLUDGER 15348 1916 -759 216 2
12 BLUDGER 2865 5854 -579 107 3
M 220 5339 150
M 15510 722 150
068
173
Standard Error Stream:
M 14549 220 135
M 220 5339 135
069
173
Standard Error Stream:
1 34
1 34
11
0 WIZARD 777 6928 -500 16 0
1 WIZARD 15460 773 -96 -58 0
2 OPPONENT_WIZARD 14601 557 262 -220 1
3 OPPONENT_WIZARD 1422 5468 -473 -205 0
5 SNAFFLE 14601 557 262 -220 1
7 SNAFFLE 9159 3649 14 -10 0
8 SNAFFLE 9146 4806 2 -2 0
9 SNAFFLE 5392 1578 -19 -2 0
10 SNAFFLE 8000 3750 0 0 0
11 BLUDGER 14616 2010 -658 85 2
12 BLUDGER 2186 6035 -612 163 3
M 5392 1578 150
M 15310 769 150
070
173
Standard Error Stream:
T 0 557 500
M 5392 1578 135
071
173
Standard Error Stream:
1 35
1 35
11
0 WIZARD 425 6830 302 -73 0
1 WIZARD 15548 819 126 54 0
2 OPPONENT_WIZARD 14529 571 -114 265 0
3 OPPONENT_WIZARD 1045 5169 -282 -225 0
5 SNAFFLE 13863 337 -554 -165 0
7 SNAFFLE 9173 3639 11 -8 0
8 SNAFFLE 9148 4804 2 -2 0
9 SNAFFLE 5373 1576 -14 -2 0
10 SNAFFLE 8000 3750 0 0 0
11 BLUDGER 14028 1992 -529 -16 2
12 BLUDGER 1468 6265 -646 207 3
M 5373 1576 150
M 15409 761 150
072
173
Standard Error Stream:
M 13863 337 135
M 5373 1576 135
073
173
Standard Error Stream:
1 36
1 36
11
0 WIZARD 793 7023 268 787 0
1 WIZARD 15536 815 -9 -3 0
2 OPPONENT_WIZARD 14288 791 -181 165 0
3 OPPONENT_WIZARD 867 4858 -134 -233 0
5 SNAFFLE 13309 172 -416 -124 0
7 SNAFFLE 9184 3631 8 -6 0
8 SNAFFLE 9150 4802 2 -2 0
9 SNAFFLE 5359 1574 -11 -2 0
10 SNAFFLE 8000 3750 0 0 0
11 BLUDGER 13598 1900 -387 -83 2
12 BLUDGER 836 6408 -375 -525 0
M 5359 1574 150
M 15392 774 150
074
173
Standard Error Stream:
M 13309 172 135
M 5359 1574 135
075
173
Standard Error Stream:
1 37
1 37
11
0 WIZARD 1157 6505 273 -504 0
1 WIZARD 15383 771 -115 -33 0
2 OPPONENT_WIZARD 13993 884 -221 70 0
3 OPPONENT_WIZARD 842 4545 -19 -235 0
5 SNAFFLE 12893 252 -312 93 0
7 SNAFFLE 9192 3625 6 -5 0
8 SNAFFLE 9152 4800 2 -2 0
9 SNAFFLE 5348 1572 -8 -2 0
10 SNAFFLE 8000 3750 0 0 0
11 BLUDGER 13320 1756 -250 -130 2
12 BLUDGER 542 5768 474 -480 0
M 5348 1572 150
M 15235 749 150
076
173
Standard Error Stream:
M 12893 252 135
M 5348 1572 135
077
173
Standard Error Stream:
1 38
1 38
11
0 WIZARD 1527 5887 278 -464 0
1 WIZARD 15120 716 -198 -41 0
2 OPPONENT_WIZARD 13655 887 -254 2 0
3 OPPONENT_WIZARD 936 4236 70 -232 0
5 SNAFFLE 12581 345 -234 70 0
7 SNAFFLE 9198 3620 5 -4 0
8 SNAFFLE 9154 4798 2 -2 0
9 SNAFFLE 5340 1570 -6 -2 0
10 SNAFFLE 8000 3750 0 0 0
11 BLUDGER 13183 1572 -123 -165 2
12 BLUDGER 1046 5167 453 -541 0
M 5340 1570 150
M 12581 345 150
078
173
Standard Error Stream:
M 12581 345 135
M 5340 1570 135
079
173
Standard Error Stream:
1 39
1 39
11
0 WIZARD 1904 5311 283 -432 0
1 WIZARD 14774 653 -260 -47 0
2 OPPONENT_WIZARD 13319 717 -164 -382 0
3 OPPONENT_WIZARD 1121 3934 139 -226 0
5 SNAFFLE 12347 415 -176 53 0
7 SNAFFLE 9203 3616 4 -3 0
8 SNAFFLE 9156 4796 2 -2 0
9 SNAFFLE 5334 1568 -5 -2 0
10 SNAFFLE 8000 3750 0 0 0
11 BLUDGER 13170 1370 -25 -143 2
12 BLUDGER 1484 4502 394 -599 0
M 5334 1568 150
M 12347 415 150
080
173
Standard Error Stream:
M 12347 415 135
M 5334 1568 135
081
173
Standard Error Stream:
1 40
1 40
11
0 WIZARD 2288 4768 288 -407 0
1 WIZARD 14365 591 -307 -46 0
2 OPPONENT_WIZARD 13026 505 -220 317 0
3 OPPONENT_WIZARD 1147 3360 -39 -502 0
5 SNAFFLE 12171 468 -132 40 0
7 SNAFFLE 9207 3613 3 -2 0
8 SNAFFLE 9158 4794 2 -2 0
9 SNAFFLE 5329 1566 -4 -2 0
10 SNAFFLE 8000 3750 0 0 0
11 BLUDGER 13259 1176 80 -175 2
12 BLUDGER 1840 3833 329 -592 3
M 5329 1566 150
M 12171 468 150
082
173
Standard Error Stream:
M 12171 468 135
M 5329 1566 135
083
173
Standard Error Stream:
1 41
1 41
11
0 WIZARD 2679 4252 293 -387 0
1 WIZARD 13908 537 -343 -41 0
2 OPPONENT_WIZARD 12671 816 -266 233 0
3 OPPONENT_WIZARD 1232 2805 64 -416 0
5 SNAFFLE 12039 508 -99 30 0
7 SNAFFLE 9210 3611 2 -2 0
8 SNAFFLE 9160 4792 2 -2 0
9 SNAFFLE 5325 1564 -3 -2 0
10 SNAFFLE 8000 3750 0 0 0
11 BLUDGER 13449 943 171 -210 2
12 BLUDGER 2223 3354 345 -431 3
M 5325 1564 150
M 12039 508 150
084
173
Standard Error Stream:
M 12039 508 135
M 5325 1564 135
085
173
Standard Error Stream:
1 42
1 42
11
0 WIZARD 3077 3758 299 -370 0
1 WIZARD 14362 1160 353 684 0
2 OPPONENT_WIZARD 12284 990 -291 130 0
3 OPPONENT_WIZARD 1425 2350 145 -341 0
5 SNAFFLE 11940 538 -74 23 0
7 SNAFFLE 9212 3609 2 -2 0
8 SNAFFLE 9162 4790 2 -2 0
9 SNAFFLE 5322 1562 -2 -2 0
10 SNAFFLE 8000 3750 0 0 0
11 BLUDGER 13595 757 130 -166 1
12 BLUDGER 2625 3034 361 -288 3
M 5322 1562 150
M 11940 538 150
086
173
Standard Error Stream:
M 11940 538 135
M 5322 1562 135
087
173
Standard Error Stream:
1 43
1 43
11
0 WIZARD 3483 3283 305 -356 0
1 WIZARD 14570 1807 156 485 0
2 OPPONENT_WIZARD 11911 1013 -280 17 0
3 OPPONENT_WIZARD 1702 1982 208 -276 0
5 SNAFFLE 11866 561 -56 17 0
7 SNAFFLE 9214 3607 2 -2 0
8 SNAFFLE 9164 4788 2 -2 0
9 SNAFFLE 5320 1560 -2 -2 0
10 SNAFFLE 8000 3750 0 0 0
11 BLUDGER 13602 613 6 -130 1
12 BLUDGER 3052 2852 384 -164 3
M 5320 1560 150
M 11866 561 150
088
173
Standard Error Stream:
M 11866 561 135
M 5320 1560 135
089
173
Standard Error Stream:
1 44
1 44
11
0 WIZARD 4278 3197 606 -56 0
1 WIZARD 14590 2229 15 317 0
2 OPPONENT_WIZARD 11618 896 -220 -88 1
3 OPPONENT_WIZARD 2044 1690 257 -219 0
5 SNAFFLE 11618 896 -220 -88 1
7 SNAFFLE 9216 3605 2 -2 0
8 SNAFFLE 9166 4786 2 -2 0
9 SNAFFLE 5318 1558 -2 -2 0
10 SNAFFLE 8000 3750 0 0 0
11 BLUDGER 13486 512 -104 -91 1
12 BLUDGER 3477 2730 381 -111 0
M 5318 1558 150
M 11618 896 150
090
173
Standard Error Stream:
T 0 896 500
M 5318 1558 135
091
173
Standard Error Stream:
1 45
1 45
11
0 WIZARD 4964 3014 515 -137 0
1 WIZARD 14468 2485 -91 192 0
2 OPPONENT_WIZARD 11398 808 -165 -66 0
3 OPPONENT_WIZARD 2436 1466 294 -168 0
5 SNAFFLE 10398 808 -915 -66 0
7 SNAFFLE 9218 3603 2 -2 0
8 SNAFFLE 9168 4784 2 -2 0
9 SNAFFLE 5316 1556 -2 -2 0
10 SNAFFLE 8000 3750 0 0 0
11 BLUDGER 13260 446 -204 -59 1
12 BLUDGER 3757 2546 252 -166 0
M 5316 1556 150
M 10398 808 150
092
173
Standard Error Stream:
M 10398 808 135
M 5316 1556 135
093
173
Standard Error Stream:
1 46
1 46
11
0 WIZARD 5514 2731 413 -212 0
1 WIZARD 14238 2620 -172 101 0
2 OPPONENT_WIZARD 11098 742 -225 -50 0
3 OPPONENT_WIZARD 2865 1302 322 -123 0
5 SNAFFLE 9483 742 -686 -50 0
7 SNAFFLE 9220 3601 2 -2 0
8 SNAFFLE 9170 4782 2 -2 0
9 SNAFFLE 5314 1554 -2 -2 0
10 SNAFFLE 8000 3750 0 0 0
11 BLUDGER 12933 411 -294 -32 1
12 BLUDGER 3912 2301 140 -221 0
M 5314 1554 150
M 9483 742 150
094
173
Standard Error Stream:
M 9483 742 135
M 5314 1554 135
095
173
Standard Error Stream:
1 47
1 47
11
0 WIZARD 5902 2371 291 -270 0
1 WIZARD 13926 2666 -234 34 0
2 OPPONENT_WIZARD 10738 692 -270 -38 0
3 OPPONENT_WIZARD 3321 1193 342 -82 0
5 SNAFFLE 8797 692 -515 -38 0
7 SNAFFLE 9222 3599 2 -2 0
8 SNAFFLE 9172 4780 2 -2 0
9 SNAFFLE 5312 1552 -2 -2 0
10 SNAFFLE 8000 3750 0 0 0
11 BLUDGER 12516 401 -375 -9 1
12 BLUDGER 3962 1994 45 -277 0
M 5312 1552 150
M 9222 3599 150
096
173
Standard Error Stream:
M 8797 692 135
M 5312 1552 135
097
173
Standard Error Stream:
1 48
1 48
11
0 WIZARD 6105 1979 152 -294 0
1 WIZARD 13545 2729 -286 47 0
2 OPPONENT_WIZARD 10333 654 -304 -29 0
3 OPPONENT_WIZARD 3723 968 95 -646 0
5 SNAFFLE 8282 654 -386 -29 0
7 SNAFFLE 9224 3597 2 -2 0
8 SNAFFLE 9174 4778 2 -2 0
9 SNAFFLE 5310 1550 -2 -2 0
10 SNAFFLE 8000 3750 0 0 0
11 BLUDGER 12018 412 -449 10 1
12 BLUDGER 3938 1640 9 -247 3
M 5310 1550 150
M 9224 3597 150
098
173
Standard Error Stream:
M 8282 654 135
M 5310 1550 135
099
173
Standard Error Stream:
1 49
1 49
11
0 WIZARD 6125 1614 15 -274 0
1 WIZARD 13112 2806 -325 57 0
2 OPPONENT_WIZARD 9894 625 -329 -22 0
3 OPPONENT_WIZARD 3945 432 166 450 0
5 SNAFFLE 7896 625 -290 -22 0
7 SNAFFLE 9226 3595 2 -2 0
8 SNAFFLE 9176 4776 2 -2 0
9 SNAFFLE 5308 1548 -2 -2 0
10 SNAFFLE 8000 3750 0 0 0
11 BLUDGER 11445 440 -515 25 1
12 BLUDGER 4070 1412 119 -205 3
M 5308 1548 150
M 9226 3595 150
100
173
Standard Error Stream:
M 8000 3750 135
M 5308 1548 135
101
173
Standard Error Stream:
1 50
1 50
11
0 WIZARD 5990 1328 -101 -215 0
1 WIZARD 12640 2893 -354 65 0
2 OPPONENT_WIZARD 9495 718 -299 70 0
3 OPPONENT_WIZARD 4106 417 26 543 0
5 SNAFFLE 7606 603 -218 -17 0
7 SNAFFLE 9228 3593 2 -2 0
8 SNAFFLE 9178 4774 2 -2 0
9 SNAFFLE 5306 1546 -2 -2 0
10 SNAFFLE 8000 3750 0 0 0
11 BLUDGER 10806 480 -575 36 1
12 BLUDGER 4327 1292 246 -32 3
M 5306 1546 150
M 9228 3593 150
102
173
Standard Error Stream:
M 8000 3750 135
M 5306 1546 135
103
173
Standard Error Stream:
1 51
1 51
11
0 WIZARD 5746 1159 -183 -127 0
1 WIZARD 12139 2988 -376 71 0
2 OPPONENT_WIZARD 9136 909 -269 143 0
3 OPPONENT_WIZARD 4070 849 -212 88 0
5 SNAFFLE 7388 586 -164 -13 0
7 SNAFFLE 9230 3591 2 -2 0
8 SNAFFLE 9180 4772 2 -2 0
9 SNAFFLE 5304 1544 -2 -2 0
10 SNAFFLE 8000 3750 0 0 0
11 BLUDGER 10108 538 -628 52 1
12 BLUDGER 4718 1288 380 32 3
M 5304 1544 150
M 9230 3591 150
104
173
Standard Error Stream:
M 8000 3750 135
M 5304 1544 135
105
173
Standard Error Stream:
1 52
1 52
11
0 WIZARD 6026 977 759 -282 0
1 WIZARD 11616 3089 -392 76 0
2 OPPONENT_WIZARD 8817 1177 -239 201 0
3 OPPONENT_WIZARD 3976 1003 -71 116 0
5 SNAFFLE 7224 573 -123 -10 0
7 SNAFFLE 9232 3589 2 -2 0
8 SNAFFLE 9182 4770 2 -2 0
9 SNAFFLE 5427 1657 303 280 0
10 SNAFFLE 8000 3750 0 0 0
11 BLUDGER 9363 635 -670 87 1
12 BLUDGER 5142 1316 284 33 0
M 5427 1657 150
M 9232 3589 150
106
173
Standard Error Stream:
M 8000 3750 135
M 4091 907 135
107
173
Standard Error Stream:
1 53
1 53
11
0 WIZARD 6686 808 495 -127 0
1 WIZARD 11077 3196 -404 80 0
2 OPPONENT_WIZARD 8537 1507 -210 247 0
3 OPPONENT_WIZARD 4009 1032 24 22 0
5 SNAFFLE 7101 563 -92 -8 0
7 SNAFFLE 9234 3587 2 -2 0
8 SNAFFLE 9184 4768 2 -2 0
9 SNAFFLE 5730 1937 227 210 0
10 SNAFFLE 8000 3750 0 0 0
11 BLUDGER 8604 810 -683 158 1
12 BLUDGER 5305 1317 147 1 0
M 7101 563 150
M 9234 3587 150
108
173
Standard Error Stream:
M 8000 3750 135
M 4145 1094 135
109
173
Standard Error Stream:
1 54
1 54
11
0 WIZARD 7310 605 468 -152 1
1 WIZARD 10526 3307 -413 83 0
2 OPPONENT_WIZARD 8296 1885 -181 284 0
3 OPPONENT_WIZARD 4156 1110 110 58 0
5 SNAFFLE 7310 605 468 -152 1
7 SNAFFLE 9236 3585 2 -2 0
8 SNAFFLE 9186 4766 2 -2 0
9 SNAFFLE 5957 2147 170 158 0
10 SNAFFLE 8000 3750 0 0 0
11 BLUDGER 7909 1092 -625 254 1
12 BLUDGER 5330 1291 22 -23 0
T 16000 605 500
M 9236 3585 150
110
173
Standard Error Stream:
M 8000 3750 135
M 4284 1189 135
111
173
Standard Error Stream:
1 55
1 55
11
0 WIZARD 7778 453 351 -114 0
1 WIZARD 9966 3422 -420 86 0
2 OPPONENT_WIZARD 8094 2302 -152 313 0
3 OPPONENT_WIZARD 4381 1239 169 97 0
5 SNAFFLE 8778 453 1101 -114 0
7 SNAFFLE 9238 3583 2 -2 0
8 SNAFFLE 9188 4764 2 -2 0
9 SNAFFLE 6127 2305 128 119 0
10 SNAFFLE 8000 3750 0 0 0
11 BLUDGER 7187 1267 -650 158 1
12 BLUDGER 5228 1249 -91 -38 0
M 8778 453 150
M 9238 3583 150
112
173
Standard Error Stream:
M 8000 3750 135
M 6127 2305 135
113
173
Standard Error Stream:
1 56
1 56
11
0 WIZARD 8279 461 376 86 0
1 WIZARD 9400 3540 -425 89 1
2 OPPONENT_WIZARD 7933 2750 -121 336 0
3 OPPONENT_WIZARD 4268 1470 -394 223 0
5 SNAFFLE 9879 339 826 -86 0
7 SNAFFLE 9400 3540 -425 89 1
8 SNAFFLE 9190 4762 2 -2 0
9 SNAFFLE 6255 2424 96 89 0
10 SNAFFLE 8000 3750 0 0 0
11 BLUDGER 6610 1324 -519 51 1
12 BLUDGER 5062 1202 -103 -50 3
M 9879 339 150
T 10396 3451 500
114
173
Standard Error Stream:
M 8000 3750 135
M 6255 2424 135
115
173
Standard Error Stream:
1 57
1 57
11
0 WIZARD 8805 536 394 56 0
1 WIZARD 8975 3629 -319 67 0
2 OPPONENT_WIZARD 7821 3221 -84 353 0
3 OPPONENT_WIZARD 3996 1751 -204 211 0
5 SNAFFLE 10705 253 620 -65 0
7 SNAFFLE 9971 3540 428 0 0
8 SNAFFLE 9192 4760 2 -2 0
9 SNAFFLE 6351 2513 72 67 0
10 SNAFFLE 8000 3750 0 0 0
11 BLUDGER 6202 1318 -367 -6 1
12 BLUDGER 5069 1211 6 8 3
M 10705 253 150
M 8000 3750 150
116
173
Standard Error Stream:
M 8000 3750 135
M 6351 2513 135
117
173
Standard Error Stream:
1 58
1 58
11
0 WIZARD 9347 570 407 25 0
1 WIZARD 8582 3722 -5 97 0
2 OPPONENT_WIZARD 7705 3695 -376 327 1
3 OPPONENT_WIZARD 3920 2004 -57 189 0
5 SNAFFLE 11325 188 465 -49 0
7 SNAFFLE 10399 3540 321 0 0
8 SNAFFLE 9194 4758 2 -2 0
9 SNAFFLE 6423 2580 54 50 0
10 SNAFFLE 7705 3695 -376 327 1
11 BLUDGER 5712 1336 -441 16 1
12 BLUDGER 5176 1293 96 74 3
M 11325 188 150
M 8471 3621 150
118
173
Standard Error Stream:
T 6760 3368 500
M 6423 2580 135
119
173
Standard Error Stream:
1 59
1 59
11
0 WIZARD 9901 567 416 -3 0
1 WIZARD 8466 3718 -87 -3 0
2 OPPONENT_WIZARD 7329 4022 -282 245 0
3 OPPONENT_WIZARD 3995 2223 56 164 0
5 SNAFFLE 11790 161 349 37 0
7 SNAFFLE 10720 3540 241 0 0
8 SNAFFLE 9196 4756 2 -2 0
9 SNAFFLE 6477 2630 41 38 0
10 SNAFFLE 6384 3695 -991 0 0
11 BLUDGER 5765 1433 171 95 1
12 BLUDGER 4752 1416 -505 103 3
M 11790 161 150
M 8599 3787 150
120
173
Standard Error Stream:
M 6384 3695 135
M 6477 2630 135
121
173
Standard Error Stream:
1 60
1 60
11
0 WIZARD 10464 532 422 -26 0
1 WIZARD 8512 3784 35 50 0
2 OPPONENT_WIZARD 6919 4223 -307 151 0
3 OPPONENT_WIZARD 4184 2409 142 139 0
5 SNAFFLE 12139 198 262 28 0
7 SNAFFLE 10961 3540 181 0 0
8 SNAFFLE 9198 4754 2 -2 0
9 SNAFFLE 6518 2668 31 29 0
10 SNAFFLE 5393 3695 -743 0 0
11 BLUDGER 5822 1579 51 131 1
12 BLUDGER 4335 1608 -375 173 3
M 12139 198 150
M 8599 3906 150
122
173
Standard Error Stream:
M 6518 2668 135
M 5393 3695 135
123
173
Standard Error Stream:
1 61
1 61
11
0 WIZARD 11033 477 427 -41 0
1 WIZARD 8634 3956 92 129 0
2 OPPONENT_WIZARD 6578 4243 -256 15 0
3 OPPONENT_WIZARD 4418 2646 176 178 0
5 SNAFFLE 12401 226 197 21 0
7 SNAFFLE 11142 3540 136 0 0
8 SNAFFLE 9200 4752 2 -2 0
9 SNAFFLE 6549 2697 23 22 0
10 SNAFFLE 4650 3695 -557 0 0
11 BLUDGER 5761 1766 -54 169 1
12 BLUDGER 4048 1870 -258 236 3
M 12401 226 150
M 8694 4094 150
124
173
Standard Error Stream:
M 6549 2697 135
M 4650 3695 135
125
173
Standard Error Stream:
1 62
1 62
11
0 WIZARD 11608 409 431 -51 0
1 WIZARD 8786 4223 114 200 0
2 OPPONENT_WIZARD 6319 4123 -194 -90 0
3 OPPONENT_WIZARD 4623 2956 154 232 0
5 SNAFFLE 12598 247 148 16 0
7 SNAFFLE 11278 3540 102 0 0
8 SNAFFLE 9202 4750 2 -2 0
9 SNAFFLE 6572 2719 17 17 0
10 SNAFFLE 4093 3695 -418 0 0
11 BLUDGER 5602 2004 -143 214 1
12 BLUDGER 3881 2192 -150 289 3
M 12598 247 150
M 9202 4750 150
126
173
Standard Error Stream:
M 6572 2719 135
M 4093 3695 135
127
173
Standard Error Stream:
1 63
1 63
11
0 WIZARD 12187 466 434 56 0
1 WIZARD 8993 4541 155 238 1
2 OPPONENT_WIZARD 6149 3900 -128 -167 0
3 OPPONENT_WIZARD 4698 3298 56 256 0
5 SNAFFLE 12746 263 111 12 0
7 SNAFFLE 11380 3540 77 0 0
8 SNAFFLE 8993 4541 155 238 1
9 SNAFFLE 6589 2736 13 13 0
10 SNAFFLE 3675 3695 -314 0 0
11 BLUDGER 5369 2305 -209 271 1
12 BLUDGER 3829 2559 -47 330 3
M 12746 263 150
T 9964 4303 500
128
173
Standard Error Stream:
M 6589 2736 135
M 3675 3695 135
129
173
Standard Error Stream:
1 64
1 64
11
0 WIZARD 12762 471 431 4 1
1 WIZARD 9148 4779 116 179 0
2 OPPONENT_WIZARD 6069 3607 -60 -220 0
3 OPPONENT_WIZARD 4628 3603 -52 229 0
5 SNAFFLE 12762 471 431 4 1
7 SNAFFLE 11457 3540 58 0 0
8 SNAFFLE 10119 4541 845 0 0
9 SNAFFLE 6602 2749 10 10 0
10 SNAFFLE 3361 3695 -236 0 0
11 BLUDGER 5090 2680 -251 337 1
12 BLUDGER 3890 2952 55 353 3
T 13516 1128 500
M 10119 4541 150
130
173
Standard Error Stream:
M 6602 2749 135
M 3361 3695 135
131
173
Standard Error Stream:
1 65
1 65
11
0 WIZARD 13193 475 323 3 0
1 WIZARD 9410 4922 196 107 0
2 OPPONENT_WIZARD 6080 3272 8 -251 0
3 OPPONENT_WIZARD 4441 3842 -140 179 0
5 SNAFFLE 13947 1132 889 496 0
7 SNAFFLE 11515 3540 44 0 0
8 SNAFFLE 10964 4541 634 0 0
9 SNAFFLE 6612 2759 8 8 0
10 SNAFFLE 3125 3695 -177 0 0
11 BLUDGER 4783 3129 -276 404 1
12 BLUDGER 4065 3341 157 350 3
M 13947 1132 150
M 10964 4541 150
132
173
Standard Error Stream:
M 6612 2759 135
M 3125 3695 135
133
173
Standard Error Stream:
1 66
1 66
11
0 WIZARD 13629 577 327 76 0
1 WIZARD 9752 4993 256 53 0
2 OPPONENT_WIZARD 6185 2927 79 -259 0
3 OPPONENT_WIZARD 4619 4649 154 634 0
5 SNAFFLE 14836 1628 667 372 0
7 SNAFFLE 11559 3540 33 0 0
8 SNAFFLE 11598 4541 476 0 0
9 SNAFFLE 6620 2767 6 6 0
10 SNAFFLE 2948 3695 -133 0 0
11 BLUDGER 4696 3604 224 375 1
12 BLUDGER 4047 3648 -321 324 3
M 14836 1628 150
M 11598 4541 150
134
173
Standard Error Stream:
M 6620 2767 135
M 2948 3695 135
135
173
Standard Error Stream:
1 67
1 67
11
0 WIZARD 14069 752 330 131 0
1 WIZARD 10154 5010 301 13 0
2 OPPONENT_WIZARD 6391 2621 154 -229 1
3 OPPONENT_WIZARD 4656 5216 28 425 0
5 SNAFFLE 15503 2000 500 279 0
7 SNAFFLE 11592 3540 25 0 0
8 SNAFFLE 12074 4541 357 0 0
9 SNAFFLE 6391 2621 154 -229 1
10 SNAFFLE 2815 3695 -100 0 0
11 BLUDGER 4911 4104 193 450 1
12 BLUDGER 3844 3932 -182 256 3
M 15503 2000 150
M 12074 4541 150
136
173
Standard Error Stream:
T 5418 2850 500
M 2815 3695 135
137
173
Standard Error Stream:
2 68
1 68
10
0 WIZARD 14512 981 332 172 0
1 WIZARD 10601 4987 335 -17 0
2 OPPONENT_WIZARD 6545 2392 116 -172 0
3 OPPONENT_WIZARD 4580 5555 -57 254 0
7 SNAFFLE 11617 3540 19 0 0
8 SNAFFLE 12431 4541 268 0 0
9 SNAFFLE 5572 2621 -615 0 0
10 SNAFFLE 2715 3695 -75 0 0
11 BLUDGER 5076 4676 149 515 1
12 BLUDGER 3773 4131 -64 179 3
M 11617 3540 150
M 12431 4541 150
138
173
Standard Error Stream:
M 12431 4541 135
M 2715 3695 135
139
173
Standard Error Stream:
2 69
1 69
10
0 WIZARD 14732 1252 165 204 0
1 WIZARD 11082 4934 361 -39 0
2 OPPONENT_WIZARD 6788 2266 182 -94 0
3 OPPONENT_WIZARD 4427 5714 -114 119 0
7 SNAFFLE 11636 3540 14 0 0
8 SNAFFLE 12699 4541 201 0 0
9 SNAFFLE 4957 2621 -461 0 0
10 SNAFFLE 2640 3695 -56 0 0
11 BLUDGER 5164 5300 79 561 1
12 BLUDGER 3815 4244 38 101 3
M 12699 4541 150
M 11636 3540 150
140
173
Standard Error Stream:
M 12699 4541 135
M 2640 3695 135
141
173
Standard Error Stream:
2 70
1 70
10
0 WIZARD 14818 1584 65 249 0
1 WIZARD 11498 4756 312 -134 0
2 OPPONENT_WIZARD 7096 2220 231 -34 0
3 OPPONENT_WIZARD 4224 5732 -153 13 0
7 SNAFFLE 11650 3540 11 0 0
8 SNAFFLE 12900 4541 151 0 0
9 SNAFFLE 4496 2621 -346 0 0
10 SNAFFLE 2584 3695 -42 0 0
11 BLUDGER 5134 5922 -27 560 1
12 BLUDGER 3957 4276 128 29 3
M 12900 4541 150
M 11650 3540 150
142
173
Standard Error Stream:
M 12900 4541 135
M 2584 3695 135
143
173
Standard Error Stream:
2 71
1 71
10
0 WIZARD 14801 1959 -12 281 0
1 WIZARD 11829 4473 248 -212 0
2 OPPONENT_WIZARD 7452 2236 267 12 0
3 OPPONENT_WIZARD 3986 5640 -178 -69 0
7 SNAFFLE 11661 3540 8 0 0
8 SNAFFLE 13051 4541 113 0 0
9 SNAFFLE 4150 2621 -260 0 0
10 SNAFFLE 2542 3695 -32 0 0
11 BLUDGER 4985 6456 -134 481 1
12 BLUDGER 4190 4237 209 -36 3
M 13051 4541 150
M 11661 3540 150
144
173
Standard Error Stream:
M 13051 4541 135
M 2542 3695 135
145
173
Standard Error Stream:
2 72
1 72
10
0 WIZARD 14705 2364 -72 304 0
1 WIZARD 12050 4113 166 -270 0
2 OPPONENT_WIZARD 7844 2299 294 48 0
3 OPPONENT_WIZARD 3728 5463 -194 -133 0
7 SNAFFLE 11669 3540 6 0 0
8 SNAFFLE 13164 4541 85 0 0
9 SNAFFLE 3890 2621 -195 0 0
10 SNAFFLE 2510 3695 -24 0 0
11 BLUDGER 4754 6858 -208 362 1
12 BLUDGER 4506 4136 284 -91 3
M 13164 4541 150
M 11669 3540 150
146
173
Standard Error Stream:
M 13164 4541 135
M 2510 3695 135
147
173
Standard Error Stream:
2 73
1 73
10
0 WIZARD 14546 2790 -119 320 0
1 WIZARD 12133 3718 62 -296 0
2 OPPONENT_WIZARD 8262 2399 314 75 0
3 OPPONENT_WIZARD 3457 5219 -203 -183 0
7 SNAFFLE 11675 3540 5 0 0
8 SNAFFLE 13249 4541 64 0 0
9 SNAFFLE 3695 2621 -146 0 0
10 SNAFFLE 2486 3695 -18 0 0
11 BLUDGER 4472 7119 -254 235 1
12 BLUDGER 4900 3985 354 -136 3
M 13249 4541 150
M 11675 3540 150
148
173
Standard Error Stream:
M 11675 3540 135
M 2486 3695 135
149
173
Standard Error Stream:
2 74
1 74
10
0 WIZARD 14338 3231 -156 330 0
1 WIZARD 12055 3368 -58 -263 0
2 OPPONENT_WIZARD 8704 2517 332 88 0
3 OPPONENT_WIZARD 3181 4922 -207 -223 0
7 SNAFFLE 11680 3540 4 0 0
8 SNAFFLE 13313 4541 48 0 0
9 SNAFFLE 3549 2621 -110 0 0
10 SNAFFLE 2468 3695 -14 0 0
11 BLUDGER 4159 7244 -282 112 1
12 BLUDGER 5367 3796 420 -170 3
M 13313 4541 150
M 11680 3540 150
150
173
Standard Error Stream:
M 11680 3540 135
M 2468 3695 135
151
173
Standard Error Stream:
2 75
1 75
10
0 WIZARD 14090 3679 -186 336 0
1 WIZARD 11861 3168 -146 -150 1
2 OPPONENT_WIZARD 9164 2649 345 99 0
3 OPPONENT_WIZARD 2906 4582 -206 -255 0
7 SNAFFLE 11861 3168 -146 -150 1
8 SNAFFLE 13361 4541 36 0 0
9 SNAFFLE 3439 2621 -83 0 0
10 SNAFFLE 2454 3695 -11 0 0
11 BLUDGER 3828 7241 -297 -3 1
12 BLUDGER 5904 3581 483 -193 3
M 13361 4541 150
T 12850 3318 500
152
173
Standard Error Stream:
M 11861 3168 135
M 2454 3695 135
153
173
Standard Error Stream:
2 76
1 76
10
0 WIZARD 13807 4130 -212 338 0
1 WIZARD 11715 3018 -110 -113 0
2 OPPONENT_WIZARD 9642 2774 358 93 0
3 OPPONENT_WIZARD 2639 4207 -200 -281 0
7 SNAFFLE 12704 3168 632 0 0
8 SNAFFLE 13397 4541 27 0 0
9 SNAFFLE 3356 2621 -62 0 0
10 SNAFFLE 2443 3695 -8 0 0
11 BLUDGER 3490 7120 -304 -109 1
12 BLUDGER 6507 3354 543 -205 3
M 13397 4541 150
M 12704 3168 150
154
173
Standard Error Stream:
M 13397 4541 135
M 2443 3695 135
155
173
Standard Error Stream:
2 77
1 77
10
0 WIZARD 13489 4574 -238 333 1
1 WIZARD 11753 2927 29 -68 0
2 OPPONENT_WIZARD 10122 2924 360 113 0
3 OPPONENT_WIZARD 2391 3800 -186 -305 1
7 SNAFFLE 13336 3168 474 0 0
8 SNAFFLE 13489 4574 -238 333 1
9 SNAFFLE 3294 2621 -47 0 0
10 SNAFFLE 2391 3800 -186 -305 1
11 BLUDGER 3151 6891 -305 -206 1
12 BLUDGER 7173 3126 599 -205 3
T 13499 4571 500
M 11873 3018 150
156
173
Standard Error Stream:
M 13489 4574 135
T 1439 4105 500
157
173
Standard Error Stream:
2 78
1 78
10
0 WIZARD 13251 4907 -179 250 0
1 WIZARD 11902 2950 111 17 0
2 OPPONENT_WIZARD 10603 3096 361 129 0
3 OPPONENT_WIZARD 2205 3495 -140 -229 0
7 SNAFFLE 13810 3168 356 0 0
8 SNAFFLE 14209 4620 540 34 0
9 SNAFFLE 3247 2621 -35 0 0
10 SNAFFLE 1253 3800 -854 0 0
11 BLUDGER 2816 6564 -301 -295 1
12 BLUDGER 7897 2912 651 -192 3
M 14209 4620 150
M 12051 2963 150
158
173
Standard Error Stream:
M 14209 4620 135
M 1253 3800 135
159
173
Standard Error Stream:
2 79
1 79
10
0 WIZARD 13216 5114 -26 155 0
1 WIZARD 12162 2980 195 23 0
2 OPPONENT_WIZARD 11088 3278 364 136 0
3 OPPONENT_WIZARD 1936 3307 -201 -141 0
7 SNAFFLE 14166 3168 267 0 0
8 SNAFFLE 14749 4654 405 26 0
9 SNAFFLE 3212 2621 -26 0 0
10 SNAFFLE 399 3800 -641 0 0
11 BLUDGER 2491 6146 -293 -376 1
12 BLUDGER 8673 2728 698 -165 3
M 14749 4654 150
M 14166 3168 150
160
173
Standard Error Stream:
M 11207 3369 135
M 3212 2621 135
161
173
Standard Error Stream:
2 80
2 80
9
0 WIZARD 13334 5226 88 84 0
1 WIZARD 12506 3017 258 28 0
2 OPPONENT_WIZARD 11559 3496 353 164 0
3 OPPONENT_WIZARD 1854 3102 -62 -154 0
7 SNAFFLE 14433 3168 200 0 0
8 SNAFFLE 15154 4680 304 20 0
9 SNAFFLE 3186 2621 -20 0 0
11 BLUDGER 2174 5647 -285 -449 1
12 BLUDGER 9493 2591 738 -124 3
M 13406 5094 150
M 14433 3168 150
162
173
Standard Error Stream:
M 15154 4680 135
M 3186 2621 135
163
173
Standard Error Stream:
2 81
2 81
9
0 WIZARD 13494 5178 120 -36 0
1 WIZARD 12914 3057 306 30 0
2 OPPONENT_WIZARD 12040 3702 361 155 0
3 OPPONENT_WIZARD 1919 2902 49 -150 0
7 SNAFFLE 14633 3168 150 0 0
8 SNAFFLE 15458 4700 228 15 0
9 SNAFFLE 3166 2621 -15 0 0
11 BLUDGER 1873 5074 -271 -516 1
12 BLUDGER 10345 2517 767 -66 3
M 13641 5149 150
M 14633 3168 150
164
173
Standard Error Stream:
M 15458 4700 135
M 3166 2621 135
165
173
Standard Error Stream:
2 82
2 82
9
0 WIZARD 13761 5113 200 -49 0
1 WIZARD 13370 3097 342 30 0
2 OPPONENT_WIZARD 12531 3895 368 145 0
3 OPPONENT_WIZARD 2100 2722 136 -135 0
7 SNAFFLE 14783 3168 113 0 0
8 SNAFFLE 15686 4715 171 11 0
9 SNAFFLE 3151 2621 -11 0 0
11 BLUDGER 1605 4433 -242 -577 1
12 BLUDGER 11214 2523 783 5 3
M 15686 4715 150
M 14783 3168 150
166
173
Standard Error Stream:
M 15686 4715 135
M 3151 2621 135
167
173
Standard Error Stream:
2 83
2 83
9
0 WIZARD 14108 5034 260 -60 0
1 WIZARD 13862 3135 369 28 0
2 OPPONENT_WIZARD 13030 4074 374 134 0
3 OPPONENT_WIZARD 2370 2574 203 -111 0
7 SNAFFLE 14896 3168 85 0 0
8 SNAFFLE 15857 4726 128 8 0
9 SNAFFLE 3140 2621 -8 0 0
11 BLUDGER 1398 3736 -187 -627 1
12 BLUDGER 12084 2618 783 86 3
M 15857 4726 150
M 14896 3168 150
168
173
Standard Error Stream:
M 15857 4726 135
M 3140 2621 135
169
173
Standard Error Stream:
2 84
2 84
9
0 WIZARD 14516 4948 306 -65 0
1 WIZARD 14381 3168 389 25 0
2 OPPONENT_WIZARD 13536 4238 379 123 0
3 OPPONENT_WIZARD 2708 2471 253 -77 0
7 SNAFFLE 14981 3168 64 0 0
8 SNAFFLE 15985 4734 96 6 0
9 SNAFFLE 3132 2621 -6 0 0
11 BLUDGER 1291 3013 -96 -651 1
12 BLUDGER 12935 2809 766 172 3
M 15985 4734 150
M 14981 3168 150
170
173
Standard Error Stream:
M 15985 4734 135
M 3132 2621 135
171
173
Standard Error Stream:
3 85
2 85
8
0 WIZARD 14970 4861 341 -65 0
1 WIZARD 14920 3193 404 19 1
2 OPPONENT_WIZARD 14047 4388 383 112 0
3 OPPONENT_WIZARD 3088 2439 285 -24 1
7 SNAFFLE 14920 3193 404 19 1
9 SNAFFLE 3088 2439 285 -24 1
11 BLUDGER 1312 2317 19 -626 1
12 BLUDGER 13822 3011 799 182 3
M 3088 2439 150
T 15920 3174 500
172
173
Standard Error Stream:
M 14920 3193 135
T 2088 2463 500
173
173
C




22
23
24
25
26
27
28
29
30
31
32
33
34
35
36
37
38
39
40
41
42
43
44
45
46
47
48
49
50
51
52
53
54
55
56
57
58
59
60
61
62
63
#define between_(x, y, z) ((x) <= (y) && (y) <= (z))
#define swapE_(x, y) { E z = x; x = y; y = z; }
// game parameters
#define width 16000.0
#define height 7500.0
#define goalY (height / 2)
#define homeY goalY
#define goalR 2000.0
#define maxThrust 150.0
#define maxPower 500.0
#define bludgerPower 1000.0
#define accioPower 3000.0
#define flipendoPower 6000.0
  
// ai
#define simC 7
#define eqTreshold 5.0
#define detourFactor 1.1
#define enable_spells 0
#define stupidAi 0
// drawing
#define onlyShow 1 // 0: only show read game, 1: only show simulated game, 2: show both
#define zoom 10.0 // zoom factor
#define startLive 1
#define startSpeed 5.0 // initial ticks per second during play
#define speedUp 2
#define startTick 0
// other
#define pi 3.14159265359
#define inf INFINITY
#define eps (1e-7)
#define horCol (-1)
#define verCol (-2)
#define bIx 4 // index of first bludger in entity array
#define sIx 6 // index of first snaffle in entity array
#define maxEc 13 // max entity count
#define maxGmC 210
PLAYERSOPTIONS
 
MANUAL
AUTO

seed=277704478

Actions
PLAY MY CODE REPLAY IN SAME CONDITIONS  SUBMIT
