151
0 0
0 0
13
0 WIZARD 1000 5250 0 0 0
1 WIZARD 1000 2250 0 0 0
2 OPPONENT_WIZARD 15000 2250 0 0 0
3 OPPONENT_WIZARD 15000 5250 0 0 0
4 SNAFFLE 4838 3029 0 0 0
5 SNAFFLE 11162 4471 0 0 0
6 SNAFFLE 2279 5757 0 0 0
7 SNAFFLE 13721 1743 0 0 0
8 SNAFFLE 6237 2428 0 0 0
9 SNAFFLE 9763 5072 0 0 0
10 SNAFFLE 8000 3750 0 0 0
11 BLUDGER 7450 3750 0 0 -1
12 BLUDGER 8550 3750 0 0 -1
M 1139 5305 150
M 1147 2280 150
002
151
Standard Error Stream:
M 14861 2195 135
M 14853 5220 135
003
151
Standard Error Stream:
0 1
0 1
13
0 WIZARD 1139 5305 105 41 0
1 WIZARD 1147 2280 110 22 0
2 OPPONENT_WIZARD 14874 2200 -94 -37 0
3 OPPONENT_WIZARD 14868 5223 -99 -20 0
4 SNAFFLE 4838 3029 0 0 0
5 SNAFFLE 11162 4471 0 0 0
6 SNAFFLE 2279 5757 0 0 0
7 SNAFFLE 13721 1743 0 0 0
8 SNAFFLE 6237 2428 0 0 0
9 SNAFFLE 9763 5072 0 0 0
10 SNAFFLE 8000 3750 0 0 0
11 BLUDGER 7328 3778 -110 25 -1
12 BLUDGER 8672 3722 110 -25 -1
M 1278 5361 150
M 1294 2310 150
004
151
Standard Error Stream:
M 14735 2145 135
M 14721 5193 135
005
151
Standard Error Stream:
0 2
0 2
13
0 WIZARD 1383 5402 183 73 0
1 WIZARD 1404 2332 193 39 0
2 OPPONENT_WIZARD 14654 2113 -165 -65 0
3 OPPONENT_WIZARD 14637 5176 -173 -35 0
4 SNAFFLE 4838 3029 0 0 0
5 SNAFFLE 11162 4471 0 0 0
6 SNAFFLE 2279 5757 0 0 0
7 SNAFFLE 13721 1743 0 0 0
8 SNAFFLE 6237 2428 0 0 0
9 SNAFFLE 9763 5072 0 0 0
10 SNAFFLE 8000 3750 0 0 0
11 BLUDGER 7097 3774 -208 -4 -1
12 BLUDGER 8903 3726 208 4 -1
M 1533 5406 150
M 1546 2380 150
006
151
Standard Error Stream:
M 14541 2014 135
M 14493 5134 135
007
151
Standard Error Stream:
0 3
0 3
13
0 WIZARD 1716 5479 250 58 0
1 WIZARD 1739 2419 251 65 0
2 OPPONENT_WIZARD 14387 1959 -200 -115 0
3 OPPONENT_WIZARD 14334 5103 -227 -55 0
4 SNAFFLE 4838 3029 0 0 0
5 SNAFFLE 11162 4471 0 0 0
6 SNAFFLE 2279 5757 0 0 0
7 SNAFFLE 13721 1743 0 0 0
8 SNAFFLE 6237 2428 0 0 0
9 SNAFFLE 9763 5072 0 0 0
10 SNAFFLE 8000 3750 0 0 0
11 BLUDGER 6768 3739 -296 -31 -1
12 BLUDGER 9232 3761 296 31 -1
M 2279 5757 150
M 4838 3029 150
008
151
Standard Error Stream:
M 13721 1743 135
M 11162 4471 135
009
151
Standard Error Stream:
0 4
0 4
13
0 WIZARD 2100 5603 288 93 1
1 WIZARD 2137 2513 299 70 0
2 OPPONENT_WIZARD 14059 1802 -246 -117 1
3 OPPONENT_WIZARD 13975 5022 -270 -61 0
4 SNAFFLE 4838 3029 0 0 0
5 SNAFFLE 11162 4471 0 0 0
6 SNAFFLE 2100 5603 288 93 1
7 SNAFFLE 14059 1802 -246 -117 1
8 SNAFFLE 6237 2428 0 0 0
9 SNAFFLE 9763 5072 0 0 0
10 SNAFFLE 8000 3750 0 0 0
11 BLUDGER 6351 3676 -375 -56 -1
12 BLUDGER 9649 3824 375 57 -1
T 16000 5603 500
M 4838 3029 150
010
151
Standard Error Stream:
T 0 1802 500
M 11162 4471 135
011
151
Standard Error Stream:
0 5
0 5
13
0 WIZARD 2388 5696 216 70 0
1 WIZARD 2583 2611 335 74 0
2 OPPONENT_WIZARD 13813 1685 -185 -88 0
3 OPPONENT_WIZARD 13573 4935 -302 -65 0
4 SNAFFLE 4838 3029 0 0 0
5 SNAFFLE 11162 4471 0 0 0
6 SNAFFLE 3388 5696 966 70 0
7 SNAFFLE 12813 1685 -935 -88 0
8 SNAFFLE 6237 2428 0 0 0
9 SNAFFLE 9763 5072 0 0 0
10 SNAFFLE 8000 3750 0 0 0
11 BLUDGER 5856 3587 -446 -80 -1
12 BLUDGER 10144 3914 446 81 -1
M 3388 5696 150
M 4838 3029 150
012
151
Standard Error Stream:
M 12813 1685 135
M 11162 4471 135
013
151
Standard Error Stream:
0 6
0 6
13
0 WIZARD 2754 5766 275 53 0
1 WIZARD 3065 2712 362 76 0
2 OPPONENT_WIZARD 13493 1597 -240 -66 0
3 OPPONENT_WIZARD 13138 4844 -326 -68 0
4 SNAFFLE 4838 3029 0 0 0
5 SNAFFLE 11162 4471 0 0 0
6 SNAFFLE 4354 5766 725 53 0
7 SNAFFLE 11878 1597 -701 -66 0
8 SNAFFLE 6237 2428 0 0 0
9 SNAFFLE 9763 5072 0 0 0
10 SNAFFLE 8000 3750 0 0 0
11 BLUDGER 5290 3471 -509 -104 -1
12 BLUDGER 10710 4031 509 105 -1
M 4354 5766 150
M 4838 3029 150
014
151
Standard Error Stream:
M 11878 1597 135
M 11162 4471 135
015
151
Standard Error Stream:
0 7
0 7
13
0 WIZARD 3179 5819 319 40 0
1 WIZARD 3575 2814 382 77 0
2 OPPONENT_WIZARD 13118 1531 -281 -50 0
3 OPPONENT_WIZARD 12679 4751 -344 -70 0
4 SNAFFLE 4821 2888 -36 -305 0
5 SNAFFLE 11183 4623 44 320 0
6 SNAFFLE 5079 5819 544 40 0
7 SNAFFLE 11177 1531 -526 -50 0
8 SNAFFLE 6237 2428 0 0 0
9 SNAFFLE 9763 5072 0 0 0
10 SNAFFLE 8000 3750 0 0 0
11 BLUDGER 4664 3335 -562 -107 -1
12 BLUDGER 11336 4166 561 106 -1
M 5079 5819 150
M 4821 2888 150
016
151
Standard Error Stream:
M 11177 1531 135
M 11183 4623 135
017
151
Standard Error Stream:
0 8
0 8
13
0 WIZARD 3648 5859 352 30 0
1 WIZARD 3419 2308 -688 -871 0
2 OPPONENT_WIZARD 12702 1481 -312 -38 0
3 OPPONENT_WIZARD 12501 4939 651 845 0
4 SNAFFLE 4785 2583 -27 -229 0
5 SNAFFLE 11227 4943 33 240 0
6 SNAFFLE 5623 5859 408 30 0
7 SNAFFLE 10651 1481 -395 -38 0
8 SNAFFLE 6237 2428 0 0 0
9 SNAFFLE 9763 5072 0 0 0
10 SNAFFLE 8000 3750 0 0 0
11 BLUDGER 4075 3248 -444 -5 1
12 BLUDGER 11974 4288 457 4 3
M 5623 5859 150
M 4785 2583 150
018
151
Standard Error Stream:
M 10651 1481 135
M 11227 4943 135
019
151
Standard Error Stream:
0 9
0 9
13
0 WIZARD 4150 5889 377 23 0
1 WIZARD 2878 1467 -406 -631 0
2 OPPONENT_WIZARD 12255 1443 -335 -29 0
3 OPPONENT_WIZARD 13017 5784 387 634 0
4 SNAFFLE 4758 2354 -20 -172 0
5 SNAFFLE 11260 5183 25 180 0
6 SNAFFLE 6031 5889 306 23 0
7 SNAFFLE 10256 1443 -296 -29 0
8 SNAFFLE 6237 2428 0 0 0
9 SNAFFLE 9763 5072 0 0 0
10 SNAFFLE 8000 3750 0 0 0
11 BLUDGER 3611 3366 -418 107 1
12 BLUDGER 12462 4171 440 -105 3
M 6031 5889 150
M 4758 2354 150
020
151
Standard Error Stream:
M 10256 1443 135
M 11260 5183 135
021
151
Standard Error Stream:
0 10
0 10
13
0 WIZARD 4677 5912 395 17 0
1 WIZARD 2608 900 -203 -425 0
2 OPPONENT_WIZARD 11785 1414 -353 -22 0
3 OPPONENT_WIZARD 13276 6374 194 443 0
4 SNAFFLE 4738 2182 -15 -129 0
5 SNAFFLE 11285 5363 19 135 0
6 SNAFFLE 6337 5912 230 17 0
7 SNAFFLE 9960 1414 -222 -22 0
8 SNAFFLE 6237 2428 0 0 0
9 SNAFFLE 9763 5072 0 0 0
10 SNAFFLE 8000 3750 0 0 0
11 BLUDGER 3219 3595 -353 206 1
12 BLUDGER 12893 3941 387 -207 3
M 6337 5912 150
M 4738 2182 150
022
151
Standard Error Stream:
M 9960 1414 135
M 11285 5363 135
023
151
Standard Error Stream:
0 11
0 11
13
0 WIZARD 5222 5929 409 13 0
1 WIZARD 2534 552 -56 -261 0
2 OPPONENT_WIZARD 11297 1392 -366 -17 0
3 OPPONENT_WIZARD 13350 6756 55 286 0
4 SNAFFLE 4723 2053 -11 -97 0
5 SNAFFLE 11304 5498 14 101 0
6 SNAFFLE 6567 5929 173 13 0
7 SNAFFLE 9738 1392 -167 -17 0
8 SNAFFLE 6237 2428 0 0 0
9 SNAFFLE 9763 5072 0 0 0
10 SNAFFLE 8000 3750 0 0 0
11 BLUDGER 2933 3907 -258 281 1
12 BLUDGER 13230 3620 303 -289 3
M 6567 5929 150
M 4723 2053 150
024
151
Standard Error Stream:
M 9738 1392 135
M 11304 5498 135
025
151
Standard Error Stream:
0 12
0 12
13
0 WIZARD 5781 5942 419 10 0
1 WIZARD 2602 424 51 132 0
2 OPPONENT_WIZARD 10796 1375 -376 -13 0
3 OPPONENT_WIZARD 13290 6971 -45 161 0
4 SNAFFLE 4712 1956 -8 -73 0
5 SNAFFLE 11318 5599 11 76 0
6 SNAFFLE 6740 5942 130 10 0
7 SNAFFLE 9571 1375 -125 -13 0
8 SNAFFLE 6237 2428 0 0 0
9 SNAFFLE 9763 5072 0 0 0
10 SNAFFLE 8000 3750 0 0 0
11 BLUDGER 2769 4271 -148 327 1
12 BLUDGER 13451 3237 199 -345 3
M 6740 5942 150
M 2751 437 150
026
151
Standard Error Stream:
M 9571 1375 135
M 11318 5599 135
027
151
Standard Error Stream:
0 13
0 13
13
0 WIZARD 6350 5952 427 8 0
1 WIZARD 2802 569 150 109 0
2 OPPONENT_WIZARD 10285 1362 -383 -10 0
3 OPPONENT_WIZARD 13134 7055 -117 63 0
4 SNAFFLE 4704 1883 -6 -55 0
5 SNAFFLE 11329 5675 8 57 0
6 SNAFFLE 6870 5952 98 8 0
7 SNAFFLE 9446 1362 -94 -10 0
8 SNAFFLE 6237 2428 0 0 0
9 SNAFFLE 9763 5072 0 0 0
10 SNAFFLE 8000 3750 0 0 0
11 BLUDGER 2730 4659 -35 349 1
12 BLUDGER 13548 2820 87 -375 3
M 6870 5952 150
M 4704 1883 150
028
151
Standard Error Stream:
M 9446 1362 135
M 13137 6905 135
029
151
Standard Error Stream:
0 14
0 14
13
0 WIZARD 6927 5960 433 6 1
1 WIZARD 3075 763 205 146 0
2 OPPONENT_WIZARD 9767 1352 -389 -8 0
3 OPPONENT_WIZARD 13020 6983 -86 -54 0
4 SNAFFLE 4698 1828 -5 -41 0
5 SNAFFLE 11337 5732 6 43 0
6 SNAFFLE 6927 5960 433 6 1
7 SNAFFLE 9352 1352 -71 -8 0
8 SNAFFLE 6237 2428 0 0 0
9 SNAFFLE 9763 5072 0 0 0
10 SNAFFLE 8000 3750 0 0 0
11 BLUDGER 2813 5050 74 352 1
12 BLUDGER 13521 2394 -24 -383 3
T 16000 5960 500
M 4698 1828 150
030
151
Standard Error Stream:
M 9352 1352 135
M 12905 6887 135
031
151
Standard Error Stream:
0 15
0 15
13
0 WIZARD 7360 5966 325 5 0
1 WIZARD 3405 991 248 171 0
2 OPPONENT_WIZARD 9243 1344 -393 -6 1
3 OPPONENT_WIZARD 12830 6842 -142 -105 0
4 SNAFFLE 4693 1787 -4 -31 0
5 SNAFFLE 11343 5775 5 32 0
6 SNAFFLE 8360 5966 1075 5 0
7 SNAFFLE 9243 1344 -393 -6 1
8 SNAFFLE 6237 2428 0 0 0
9 SNAFFLE 9763 5072 0 0 0
10 SNAFFLE 8000 3750 0 0 0
11 BLUDGER 3009 5429 176 341 1
12 BLUDGER 13377 1978 -130 -375 3
M 8360 5966 150
M 4693 1787 150
032
151
Standard Error Stream:
T 0 1344 500
M 11343 5775 135
033
151
Standard Error Stream:
0 16
0 16
13
0 WIZARD 7835 5971 356 4 0
1 WIZARD 3781 1241 282 187 0
2 OPPONENT_WIZARD 8850 1338 -295 -5 0
3 OPPONENT_WIZARD 12578 6658 -189 -138 0
4 SNAFFLE 4689 1756 -3 -23 0
5 SNAFFLE 11348 5807 4 24 0
6 SNAFFLE 9435 5971 806 4 0
7 SNAFFLE 7850 1338 -1045 -5 0
8 SNAFFLE 6237 2428 0 0 0
9 SNAFFLE 9763 5072 0 0 0
10 SNAFFLE 8000 3750 0 0 0
11 BLUDGER 3309 5785 270 321 1
12 BLUDGER 13123 1584 -228 -355 3
M 9435 5971 150
M 4689 1756 150
034
151
Standard Error Stream:
M 7850 1338 135
M 11348 5807 135
035
151
Standard Error Stream:
0 17
0 17
13
0 WIZARD 8341 5975 380 3 0
1 WIZARD 4193 1502 309 196 0
2 OPPONENT_WIZARD 8420 1333 -323 -4 0
3 OPPONENT_WIZARD 12278 6443 -225 -161 0
4 SNAFFLE 4686 1733 -2 -17 0
5 SNAFFLE 11352 5831 3 18 0
6 SNAFFLE 10241 5975 605 3 0
7 SNAFFLE 6805 1333 -784 -4 0
8 SNAFFLE 6237 2428 0 0 0
9 SNAFFLE 9763 5072 0 0 0
10 SNAFFLE 8000 3750 0 0 0
11 BLUDGER 3704 6111 355 294 1
12 BLUDGER 12770 1222 -318 -326 3
M 9763 5072 150
M 4686 1733 150
036
151
Standard Error Stream:
M 6805 1333 135
M 11352 5831 135
037
151
Standard Error Stream:
0 18
0 18
13
0 WIZARD 8848 5898 380 -58 0
1 WIZARD 4638 1762 334 195 1
2 OPPONENT_WIZARD 7962 1329 -344 -3 0
3 OPPONENT_WIZARD 11940 6208 -253 -177 0
4 SNAFFLE 4638 1762 334 195 1
5 SNAFFLE 11355 5849 2 14 0
6 SNAFFLE 10846 5978 454 2 0
7 SNAFFLE 6021 1329 -588 -3 0
8 SNAFFLE 6237 2428 0 0 0
9 SNAFFLE 9763 5072 0 0 0
10 SNAFFLE 8000 3750 0 0 0
11 BLUDGER 4184 6401 432 261 1
12 BLUDGER 12327 899 -399 -291 3
M 9763 5072 150
T 16000 1762 500
038
151
Standard Error Stream:
M 6021 1329 135
M 11355 5849 135
039
151
Standard Error Stream:
0 19
0 19
13
0 WIZARD 9339 5739 369 -119 0
1 WIZARD 4972 1957 251 146 0
2 OPPONENT_WIZARD 7483 1326 -359 -2 0
3 OPPONENT_WIZARD 11572 5960 -276 -186 1
4 SNAFFLE 5972 1957 1001 146 0
5 SNAFFLE 11572 5960 -276 -186 1
6 SNAFFLE 11117 6062 55 130 0
7 SNAFFLE 5433 1326 -441 -2 0
8 SNAFFLE 6237 2428 0 0 0
9 SNAFFLE 9763 5072 0 0 0
10 SNAFFLE 8000 3750 0 0 0
11 BLUDGER 4740 6649 501 223 1
12 BLUDGER 11804 620 -471 -251 3
M 9763 5072 150
M 5433 1326 150
040
151
Standard Error Stream:
M 5972 1957 135
T 0 5960 500
041
151
Standard Error Stream:
0 20
0 20
13
0 WIZARD 9788 5493 337 -184 0
1 WIZARD 5311 1982 255 19 0
2 OPPONENT_WIZARD 6999 1376 -363 38 0
3 OPPONENT_WIZARD 11296 5774 -207 -140 0
4 SNAFFLE 6973 2103 751 110 0
5 SNAFFLE 11040 5352 -304 -510 0
6 SNAFFLE 10428 6614 -612 468 0
7 SNAFFLE 4992 1324 -331 -2 0
8 SNAFFLE 6237 2428 0 0 0
9 SNAFFLE 9763 5072 0 0 0
10 SNAFFLE 8000 3750 0 0 0
11 BLUDGER 5364 6848 561 179 1
12 BLUDGER 11210 389 -535 -208 3
M 9763 5072 150
F 5433 1326 4
042
151
Standard Error Stream:
M 6973 2103 135
M 11040 5352 135
043
151
Standard Error Stream:
0 1
0 21
13
0 WIZARD 10116 5159 246 -250 1
1 WIZARD 5566 2001 191 14 0
2 OPPONENT_WIZARD 6631 1549 -276 130 0
3 OPPONENT_WIZARD 11019 5519 -208 -192 0
4 SNAFFLE 7724 2213 563 83 0
5 SNAFFLE 10736 4842 -228 -383 0
6 SNAFFLE 9816 7082 -459 351 0
7 SNAFFLE 4661 1322 -248 -2 0
8 SNAFFLE 6237 2428 0 0 0
9 SNAFFLE 10116 5159 246 -250 1
10 SNAFFLE 8000 3750 0 0 0
11 BLUDGER 6045 6990 612 128 1
12 BLUDGER 10553 210 -591 -162 3
T 11084 5409 500
M 6237 2428 150
044
151
Standard Error Stream:
M 6237 2428 135
F 11040 5352 6
045
151
Standard Error Stream:
0 2
0 2
13
0 WIZARD 10182 4810 -58 -321 0
1 WIZARD 5621 2231 -195 294 0
2 OPPONENT_WIZARD 6563 1667 185 -33 0
3 OPPONENT_WIZARD 10991 5426 87 -10 1
4 SNAFFLE 10277 2492 1915 209 0
5 SNAFFLE 10508 4459 -171 -287 0
6 SNAFFLE 9357 7267 -344 -263 0
7 SNAFFLE 4413 1320 -186 -2 0
8 SNAFFLE 6237 2428 0 0 0
9 SNAFFLE 10991 5426 87 -10 1
10 SNAFFLE 8000 3750 0 0 0
11 BLUDGER 6771 7067 653 69 1
12 BLUDGER 9844 312 -638 109 3
M 10508 4459 150
M 6237 2428 150
046
151
Standard Error Stream:
M 6237 2428 135
T 0 5426 500
047
151
Standard Error Stream:
0 3
0 3
13
0 WIZARD 10226 4379 33 -323 0
1 WIZARD 5569 2571 -39 255 0
2 OPPONENT_WIZARD 6695 1758 99 68 0
3 OPPONENT_WIZARD 11078 5416 65 -8 0
4 SNAFFLE 12743 2732 1849 180 0
5 SNAFFLE 10337 4172 -128 -215 0
6 SNAFFLE 7698 6215 -1244 -914 0
7 SNAFFLE 4227 1318 -140 -2 0
8 SNAFFLE 6237 2428 0 0 0
9 SNAFFLE 10078 5416 -685 -8 0
10 SNAFFLE 8000 3750 0 0 0
11 BLUDGER 7528 7067 682 0 1
12 BLUDGER 9090 469 -678 141 3
M 10337 4172 150
M 6237 2428 150
048
151
Standard Error Stream:
M 6545 1764 135
M 10928 5424 135
049
151
Standard Error Stream:
0 4
0 4
13
0 WIZARD 10330 3924 78 -341 1
1 WIZARD 5677 2795 81 168 0
2 OPPONENT_WIZARD 6659 1831 -27 55 0
3 OPPONENT_WIZARD 11008 5415 -52 -1 0
4 SNAFFLE 14825 2917 1561 139 0
5 SNAFFLE 10330 3924 78 -341 1
6 SNAFFLE 5486 5530 -1659 -514 0
7 SNAFFLE 4087 1316 -105 -2 0
8 SNAFFLE 6237 2428 0 0 0
9 SNAFFLE 9393 5408 -514 -6 0
10 SNAFFLE 8000 3750 0 0 0
11 BLUDGER 8299 6979 693 -79 1
12 BLUDGER 8302 669 -709 180 3
T 10340 3921 500
M 6237 2428 150
050
151
Standard Error Stream:
M 6565 1948 135
M 10858 5415 135
051
151
Standard Error Stream:
1 5
0 5
12
0 WIZARD 10408 3583 59 -256 0
1 WIZARD 5883 2881 155 64 0
2 OPPONENT_WIZARD 6547 1991 -84 120 0
3 OPPONENT_WIZARD 10821 5414 -140 -1 0
5 SNAFFLE 11366 3296 777 -471 0
6 SNAFFLE 3434 5024 -1539 -379 0
7 SNAFFLE 3982 1314 -79 -2 0
8 SNAFFLE 6237 2428 0 0 0
9 SNAFFLE 8879 5402 -386 -5 0
10 SNAFFLE 8000 3750 0 0 0
11 BLUDGER 9100 6838 721 -127 1
12 BLUDGER 7491 921 -730 227 3
M 11366 3296 150
M 6237 2428 150
052
151
Standard Error Stream:
M 6459 2113 135
M 10671 5413 135
053
151
Standard Error Stream:
1 6
0 6
12
0 WIZARD 10611 3284 152 -224 0
1 WIZARD 6059 2955 23 253 0
2 OPPONENT_WIZARD 6455 2092 41 -121 1
3 OPPONENT_WIZARD 10546 5412 -206 -1 0
5 SNAFFLE 12143 2825 583 -353 0
6 SNAFFLE 1895 4645 -1154 -284 0
7 SNAFFLE 3903 1312 -59 -2 0
8 SNAFFLE 6455 2092 41 -121 1
9 SNAFFLE 8493 5397 -290 -4 0
10 SNAFFLE 8000 3750 0 0 0
11 BLUDGER 9917 6631 736 -186 1
12 BLUDGER 6678 1242 -731 289 3
M 12143 2825 150
M 6455 2092 150
054
151
Standard Error Stream:
T 5465 2230 500
M 10407 5357 135
055
151
Standard Error Stream:
1 7
0 7
12
0 WIZARD 10907 3017 222 -200 0
1 WIZARD 6145 3072 64 88 0
2 OPPONENT_WIZARD 6555 2124 129 163 0
3 OPPONENT_WIZARD 10214 5361 -249 -38 0
5 SNAFFLE 12726 2472 437 -265 0
6 SNAFFLE 741 4361 -866 -213 0
7 SNAFFLE 3844 1310 -44 -2 0
8 SNAFFLE 5506 2109 -712 13 0
9 SNAFFLE 8203 5393 -218 -3 0
10 SNAFFLE 8000 3750 0 0 0
11 BLUDGER 10710 6334 714 -267 1
12 BLUDGER 5908 1633 -701 331 2
M 12726 2472 150
M 6058 2950 150
056
151
Standard Error Stream:
M 5506 2109 135
M 8203 5393 135
057
151
Standard Error Stream:
1 8
1 8
11
0 WIZARD 11273 2774 274 -182 0
1 WIZARD 6122 3038 -17 -26 0
2 OPPONENT_WIZARD 6549 2285 -4 121 0
3 OPPONENT_WIZARD 9830 5325 -288 -27 0
5 SNAFFLE 13163 2207 328 -199 0
7 SNAFFLE 3800 1308 -33 -2 0
8 SNAFFLE 4794 2122 -534 10 0
9 SNAFFLE 7985 5390 -164 -2 0
10 SNAFFLE 8000 3750 0 0 0
11 BLUDGER 11367 5956 592 -341 1
12 BLUDGER 5227 2087 -613 409 2
M 13163 2207 150
M 5992 2963 150
058
151
Standard Error Stream:
M 6472 2156 135
M 7985 5390 135
059
151
Standard Error Stream:
1 9
1 9
11
0 WIZARD 11691 2549 313 -169 0
1 WIZARD 5975 2937 -110 -76 0
2 OPPONENT_WIZARD 6476 2290 -55 4 0
3 OPPONENT_WIZARD 9407 5303 -317 -17 0
5 SNAFFLE 13491 2008 246 -149 0
7 SNAFFLE 3767 1306 -25 -2 0
8 SNAFFLE 4260 2132 -401 8 0
9 SNAFFLE 7821 5388 -123 -2 0
10 SNAFFLE 8000 3750 0 0 0
11 BLUDGER 11843 5568 429 -350 1
12 BLUDGER 4700 2587 -475 450 2
M 13491 2008 150
M 5831 2894 150
060
151
Standard Error Stream:
M 6609 2360 135
M 7821 5388 135
061
151
Standard Error Stream:
1 10
1 10
11
0 WIZARD 12148 2337 342 -159 0
1 WIZARD 5721 2818 -190 -89 0
2 OPPONENT_WIZARD 6540 2357 48 50 0
3 OPPONENT_WIZARD 8955 5293 -339 -7 0
5 SNAFFLE 13737 1859 185 -112 0
7 SNAFFLE 3742 1304 -19 -2 0
8 SNAFFLE 3859 2140 -301 6 0
9 SNAFFLE 7698 5386 -92 -2 0
10 SNAFFLE 8000 3750 0 0 0
11 BLUDGER 12148 5204 274 -327 1
12 BLUDGER 4346 3070 -319 435 2
M 13737 1859 150
M 3859 2140 150
062
151
Standard Error Stream:
M 6651 2458 135
M 7698 5386 135
063
151
Standard Error Stream:
1 11
1 11
11
0 WIZARD 12634 2135 364 -152 0
1 WIZARD 5390 2678 -248 -105 0
2 OPPONENT_WIZARD 6688 2498 111 106 0
3 OPPONENT_WIZARD 8481 5296 -355 2 0
5 SNAFFLE 13922 1747 139 -84 0
7 SNAFFLE 3723 1302 -14 -2 0
8 SNAFFLE 3558 2146 -226 5 0
9 SNAFFLE 7606 5384 -69 -2 0
10 SNAFFLE 8000 3750 0 0 0
11 BLUDGER 12422 4752 247 -407 1
12 BLUDGER 4150 3482 -176 371 2
M 13922 1747 150
M 3558 2146 150
064
151
Standard Error Stream:
M 6802 2596 135
M 7606 5384 135
065
151
Standard Error Stream:
1 12
1 12
11
0 WIZARD 13142 1940 381 -146 0
1 WIZARD 4998 2531 -294 -110 0
2 OPPONENT_WIZARD 6901 2692 160 146 0
3 OPPONENT_WIZARD 7992 5312 -367 12 0
5 SNAFFLE 14061 1663 104 -63 0
7 SNAFFLE 3709 1300 -11 -2 0
8 SNAFFLE 3332 2151 -170 4 0
9 SNAFFLE 7537 5382 -52 -2 0
10 SNAFFLE 8000 3750 0 0 0
11 BLUDGER 12679 4220 231 -478 1
12 BLUDGER 4079 3785 -64 273 2
M 14061 1663 150
M 3332 2151 150
066
151
Standard Error Stream:
M 8000 3750 135
M 7537 5382 135
067
151
Standard Error Stream:
1 13
1 13
11
0 WIZARD 13667 1751 393 -142 0
1 WIZARD 4558 2388 -330 -108 0
2 OPPONENT_WIZARD 7158 2932 193 180 0
3 OPPONENT_WIZARD 7492 5345 -375 24 1
5 SNAFFLE 14165 1600 78 -47 0
7 SNAFFLE 3698 1298 -8 -2 0
8 SNAFFLE 3162 2155 -128 3 0
9 SNAFFLE 7492 5345 -375 24 1
10 SNAFFLE 8000 3750 0 0 0
11 BLUDGER 12935 3620 230 -540 1
12 BLUDGER 4089 3957 9 155 2
M 14165 1600 150
M 3698 1298 150
068
151
Standard Error Stream:
M 8000 3750 135
T 6493 5311 500
069
151
Standard Error Stream:
1 14
1 14
11
0 WIZARD 14204 1565 402 -139 1
1 WIZARD 4135 2162 -317 -169 0
2 OPPONENT_WIZARD 7448 3206 217 206 0
3 OPPONENT_WIZARD 7117 5369 -281 18 0
5 SNAFFLE 14204 1565 402 -139 1
7 SNAFFLE 3690 1296 -6 -2 0
8 SNAFFLE 3034 2158 -96 2 0
9 SNAFFLE 6118 5335 -1031 -8 0
10 SNAFFLE 8000 3750 0 0 0
11 BLUDGER 13211 2964 248 -591 1
12 BLUDGER 4134 3992 40 32 2
T 15009 2159 500
M 3690 1296 150
070
151
Standard Error Stream:
M 8000 3750 135
M 6118 5335 135
071
151
Standard Error Stream:
1 15
1 15
11
0 WIZARD 14606 1426 302 -104 0
1 WIZARD 3749 1860 -289 -227 0
2 OPPONENT_WIZARD 7761 3507 235 226 1
3 OPPONENT_WIZARD 6701 5382 -312 10 0
5 SNAFFLE 15411 2020 905 341 0
7 SNAFFLE 3684 1294 -5 -2 0
8 SNAFFLE 2938 2160 -72 2 0
9 SNAFFLE 5087 5327 -773 -6 0
10 SNAFFLE 7761 3507 235 226 1
11 BLUDGER 13531 2271 288 -624 1
12 BLUDGER 4174 3899 36 -84 2
M 15411 2020 150
M 3684 1294 150
072
151
Standard Error Stream:
T 6787 3281 500
M 5087 5327 135
073
151
Standard Error Stream:
2 16
1 16
10
0 WIZARD 15029 1411 317 -11 0
1 WIZARD 3443 1484 -230 -282 1
2 OPPONENT_WIZARD 7996 3733 176 170 0
3 OPPONENT_WIZARD 6254 5387 -335 4 0
7 SNAFFLE 3443 1484 -230 -282 1
8 SNAFFLE 2866 2162 -54 2 0
9 SNAFFLE 4314 5321 -580 -5 0
10 SNAFFLE 7022 3507 -554 0 0
11 BLUDGER 13917 1570 348 -631 1
12 BLUDGER 4184 3693 9 -186 2
M 7022 3507 150
T 16000 1484 500
074
151
Standard Error Stream:
M 7022 3507 135
M 4314 5321 135
075
151
Standard Error Stream:
2 17
1 17
10
0 WIZARD 15201 1438 129 20 0
1 WIZARD 3213 1202 -173 -212 0
2 OPPONENT_WIZARD 8040 3872 33 105 0
3 OPPONENT_WIZARD 5784 5386 -352 0 0
7 SNAFFLE 4213 1202 578 -212 0
8 SNAFFLE 2812 2164 -41 2 0
9 SNAFFLE 3734 5316 -435 -4 0
10 SNAFFLE 6468 3507 -416 0 0
11 BLUDGER 14389 921 425 -584 1
12 BLUDGER 4153 3388 -28 -274 2
M 15052 1423 150
M 4213 1202 150
076
151
Standard Error Stream:
M 7948 3753 135
M 3734 5316 135
077
151
Standard Error Stream:
2 18
1 18
10
0 WIZARD 15181 1443 -15 4 0
1 WIZARD 3190 990 -17 -159 0
2 OPPONENT_WIZARD 7990 3870 -37 -1 0
3 OPPONENT_WIZARD 5297 5381 -365 -3 0
7 SNAFFLE 4791 990 434 -159 0
8 SNAFFLE 2771 2166 -31 2 0
9 SNAFFLE 3299 5312 -326 -3 0
10 SNAFFLE 6052 3507 -312 0 0
11 BLUDGER 14919 404 477 -465 1
12 BLUDGER 4076 2999 -70 -350 2
M 15035 1475 150
M 2771 2166 150
078
151
Standard Error Stream:
M 7844 3837 135
M 3299 5312 135
079
151
Standard Error Stream:
2 19
1 19
10
0 WIZARD 15019 1479 -121 27 0
1 WIZARD 3123 972 -51 -13 0
2 OPPONENT_WIZARD 7821 3839 -127 -23 0
3 OPPONENT_WIZARD 4797 5373 -375 -6 0
7 SNAFFLE 5225 831 326 -119 0
8 SNAFFLE 2740 2168 -23 2 0
9 SNAFFLE 2973 5309 -245 -2 0
10 SNAFFLE 5740 3507 -234 0 0
11 BLUDGER 15427 340 457 309 1
12 BLUDGER 3956 2535 -108 -418 2
M 14872 1510 150
M 3130 1122 150
080
151
Standard Error Stream:
M 7672 3818 135
M 2973 5309 135
081
151
Standard Error Stream:
2 20
1 20
10
0 WIZARD 14751 1537 -201 43 0
1 WIZARD 3079 1109 -33 103 0
2 OPPONENT_WIZARD 7560 3797 -196 -31 0
3 OPPONENT_WIZARD 4287 5362 -382 -8 0
7 SNAFFLE 5551 712 245 -89 0
8 SNAFFLE 2717 2170 -17 2 0
9 SNAFFLE 2728 5307 -184 -2 0
10 SNAFFLE 5506 3507 -176 0 0
11 BLUDGER 15758 767 -373 384 1
12 BLUDGER 3789 2007 -150 -475 2
M 5551 712 150
M 3029 1250 150
082
151
Standard Error Stream:
F 7672 3818 10
M 2728 5307 135
083
151
Standard Error Stream:
2 21
1 1
10
0 WIZARD 14401 1567 -263 22 0
1 WIZARD 2939 1338 -517 60 0
2 OPPONENT_WIZARD 7364 3766 -147 -23 0
3 OPPONENT_WIZARD 3770 5349 -388 -10 0
7 SNAFFLE 5796 623 184 -67 0
8 SNAFFLE 2700 2172 -13 2 0
9 SNAFFLE 2544 5305 -138 -2 0
10 SNAFFLE 5330 3507 -132 0 0
11 BLUDGER 15286 1227 -425 414 1
12 BLUDGER 3569 1436 -137 -497 1
M 5796 623 150
M 2700 2172 150
084
151
Standard Error Stream:
M 7215 3751 135
M 2544 5305 135
085
151
Standard Error Stream:
2 22
1 2
10
0 WIZARD 13989 1573 -309 4 0
1 WIZARD 2381 1542 -419 153 0
2 OPPONENT_WIZARD 7083 3729 -211 -27 0
3 OPPONENT_WIZARD 3247 5334 -392 -11 0
7 SNAFFLE 5980 556 138 -50 0
8 SNAFFLE 2687 2174 -10 2 0
9 SNAFFLE 2406 5303 -104 -2 0
10 SNAFFLE 3214 3254 -1587 -189 0
11 BLUDGER 14744 1686 -488 413 1
12 BLUDGER 3438 1064 -118 -335 1
M 5980 556 150
A 2700 2172 10
086
151
Standard Error Stream:
M 5980 556 135
M 2406 5303 135
087
151
Standard Error Stream:
2 8
1 3
10
0 WIZARD 13531 1558 -343 -11 0
1 WIZARD 1962 1695 -314 115 0
2 OPPONENT_WIZARD 6828 3574 -191 -116 0
3 OPPONENT_WIZARD 2720 5318 -395 -12 0
7 SNAFFLE 6118 506 104 -38 0
8 SNAFFLE 2677 2176 -8 2 0
9 SNAFFLE 2302 5301 -78 -2 0
10 SNAFFLE 843 2969 -1778 -214 0
11 BLUDGER 14132 2080 -550 355 1
12 BLUDGER 3314 854 -111 -189 1
M 6118 506 150
M 2677 2176 150
088
151
Standard Error Stream:
M 6118 506 135
M 2302 5301 135
089
151
Standard Error Stream:
2 9
1 4
10
0 WIZARD 13039 1526 -369 -24 0
1 WIZARD 1772 1894 -142 149 0
2 OPPONENT_WIZARD 6607 3326 -166 -186 0
3 OPPONENT_WIZARD 2190 5301 -397 -13 1
7 SNAFFLE 6222 468 78 -29 0
8 SNAFFLE 2669 2178 -6 2 0
9 SNAFFLE 2190 5301 -397 -13 1
10 SNAFFLE 1209 1864 1428 -185 0
11 BLUDGER 13488 2353 -580 246 1
12 BLUDGER 3302 742 -11 -101 1
M 6222 468 150
M 1209 1864 150
090
151
Standard Error Stream:
M 6222 468 135
T 1190 5307 500
091
151
Standard Error Stream:
2 10
1 5
10
0 WIZARD 12522 1479 -388 -35 0
1 WIZARD 1480 2035 -219 106 1
2 OPPONENT_WIZARD 6423 3006 -138 -240 0
3 OPPONENT_WIZARD 1793 5288 -298 -10 0
7 SNAFFLE 6300 439 59 -22 0
8 SNAFFLE 2663 2180 -5 2 0
9 SNAFFLE 793 5294 -1048 -5 0
10 SNAFFLE 1480 2035 -219 106 1
11 BLUDGER 12848 2489 -576 123 1
12 BLUDGER 3389 718 79 -22 1
M 6300 439 150
T 16000 2035 500
092
151
Standard Error Stream:
M 6300 439 135
M 793 5294 135
093
151
Standard Error Stream:
2 11
2 6
9
0 WIZARD 11986 1419 -402 -45 0
1 WIZARD 1261 2141 -164 80 0
2 OPPONENT_WIZARD 6279 2631 -108 -281 0
3 OPPONENT_WIZARD 1360 5279 -325 -7 0
7 SNAFFLE 6359 417 44 -17 0
8 SNAFFLE 2658 2182 -4 2 0
10 SNAFFLE 2261 2141 586 80 0
11 BLUDGER 12234 2493 -553 4 1
12 BLUDGER 3568 771 161 48 1
M 6359 417 150
M 2261 2141 150
094
151
Standard Error Stream:
M 6359 417 135
M 2261 2141 135
095
151
Standard Error Stream:
2 12
2 7
9
0 WIZARD 11436 1348 -412 -53 0
1 WIZARD 1247 2221 -11 60 0
2 OPPONENT_WIZARD 6176 2215 -77 -312 0
3 OPPONENT_WIZARD 1072 5142 -216 -103 0
7 SNAFFLE 6403 400 33 -13 0
8 SNAFFLE 3147 2230 441 43 0
10 SNAFFLE 2354 2175 -5 18 0
11 BLUDGER 11653 2375 -523 -106 1
12 BLUDGER 3832 890 238 107 1
M 6403 400 150
M 1382 2156 150
096
151
Standard Error Stream:
M 6403 400 135
M 2354 2175 135
097
151
Standard Error Stream:
2 13
2 8
9
0 WIZARD 10877 1267 -420 -61 0
1 WIZARD 1371 2216 93 -4 0
2 OPPONENT_WIZARD 6116 1769 -45 -334 0
3 OPPONENT_WIZARD 910 4915 -122 -170 0
7 SNAFFLE 6436 387 25 -10 0
8 SNAFFLE 3588 2273 331 32 0
10 SNAFFLE 2349 2193 -4 14 0
11 BLUDGER 11104 2147 -494 -205 1
12 BLUDGER 4179 1059 312 152 1
M 6436 387 150
M 1521 2214 150
098
151
Standard Error Stream:
M 6436 387 135
M 2349 2193 135
099
151
Standard Error Stream:
2 14
2 9
9
0 WIZARD 10310 1177 -425 -68 0
1 WIZARD 1614 2210 182 -4 0
2 OPPONENT_WIZARD 6101 1303 -11 -349 0
3 OPPONENT_WIZARD 851 4626 -44 -217 0
7 SNAFFLE 6461 377 19 -8 0
8 SNAFFLE 3919 2305 248 24 0
10 SNAFFLE 2345 2207 -3 11 0
11 BLUDGER 10579 1821 -473 -293 1
12 BLUDGER 4608 1254 386 176 1
M 6461 377 150
M 2345 2207 150
100
151
Standard Error Stream:
M 6461 377 135
M 2345 2207 135
101
151
Standard Error Stream:
2 15
2 10
9
0 WIZARD 9607 839 -587 -363 0
1 WIZARD 1946 2205 249 -3 1
2 OPPONENT_WIZARD 6139 828 28 -356 0
3 OPPONENT_WIZARD 878 4294 20 -249 0
7 SNAFFLE 6480 369 14 -6 0
8 SNAFFLE 4167 2329 186 18 0
10 SNAFFLE 1946 2205 249 -3 1
11 BLUDGER 10074 1443 -445 -324 0
12 BLUDGER 5119 1434 460 162 1
M 6480 369 150
T 1956 2202 500
102
151
Standard Error Stream:
M 6480 369 135
M 1946 2205 135
103
151
Standard Error Stream:
2 16
2 11
9
0 WIZARD 8872 454 -552 -289 0
1 WIZARD 2195 2202 187 -2 0
2 OPPONENT_WIZARD 6248 436 81 348 1
3 OPPONENT_WIZARD 959 3925 61 -277 0
7 SNAFFLE 6248 436 81 348 1
8 SNAFFLE 4353 2347 140 14 0
10 SNAFFLE 3153 1915 905 -218 0
11 BLUDGER 9505 1100 -512 -309 0
12 BLUDGER 5686 1532 511 88 1
M 6248 436 150
M 3153 1915 150
104
151
Standard Error Stream:
T 5252 351 500
M 3153 1915 135
105
151
Standard Error Stream:
2 17
2 12
9
0 WIZARD 8170 636 -526 218 0
1 WIZARD 2526 2157 248 -34 0
2 OPPONENT_WIZARD 6329 784 61 261 0
3 OPPONENT_WIZARD 1120 3557 120 -276 0
7 SNAFFLE 5333 699 -687 197 0
8 SNAFFLE 4493 2361 105 11 0
10 SNAFFLE 4058 1697 679 -164 0
11 BLUDGER 8871 766 -571 -301 0
12 BLUDGER 6254 1509 511 -21 1
M 5333 699 150
M 4058 1697 150
106
151
Standard Error Stream:
M 5333 699 135
M 4058 1697 135
107
151
Standard Error Stream:
2 18
2 13
9
0 WIZARD 7494 857 -507 166 0
1 WIZARD 2918 2080 294 -58 0
2 OPPONENT_WIZARD 6191 760 -131 -132 0
3 OPPONENT_WIZARD 1354 3209 176 -261 0
7 SNAFFLE 4646 896 -515 148 0
8 SNAFFLE 4598 2372 79 8 0
10 SNAFFLE 4737 1533 509 -123 0
11 BLUDGER 8175 466 -626 -270 0
12 BLUDGER 6786 1398 483 -83 2
M 4737 1533 150
M 4598 2372 150
108
151
Standard Error Stream:
M 4646 896 135
M 4598 2372 135
109
151
Standard Error Stream:
2 19
2 14
9
0 WIZARD 6763 808 -697 1179 0
1 WIZARD 3360 2048 331 -24 0
2 OPPONENT_WIZARD 5926 640 -199 -90 0
3 OPPONENT_WIZARD 1661 2914 230 -221 0
7 SNAFFLE 4131 1044 -386 111 0
8 SNAFFLE 4677 2380 59 6 0
10 SNAFFLE 5246 1410 382 -92 0
11 BLUDGER 7607 329 -408 436 0
12 BLUDGER 7196 1515 289 266 0
M 5246 1410 150
M 4131 1044 150
110
151
Standard Error Stream:
M 5246 1410 135
M 4677 2380 135
111
151
Standard Error Stream:
2 20
2 15
9
0 WIZARD 5927 2042 -627 926 0
1 WIZARD 3782 1905 317 -107 0
2 OPPONENT_WIZARD 5638 651 -216 8 0
3 OPPONENT_WIZARD 2024 2669 272 -183 0
7 SNAFFLE 3745 1155 -290 83 0
8 SNAFFLE 4736 2386 44 5 0
10 SNAFFLE 5628 1318 287 -69 0
11 BLUDGER 7076 788 -478 413 0
12 BLUDGER 7382 1710 167 176 0
M 5628 1318 150
M 3745 1155 150
112
151
Standard Error Stream:
M 5628 1318 135
M 3745 1155 135
113
151
Standard Error Stream:
2 21
2 16
9
0 WIZARD 5243 2829 -513 591 0
1 WIZARD 4092 1648 232 -193 0
2 OPPONENT_WIZARD 5420 794 -164 107 0
3 OPPONENT_WIZARD 2397 2397 280 -204 0
7 SNAFFLE 3455 1238 -218 62 0
8 SNAFFLE 4780 2391 33 4 0
10 SNAFFLE 5915 1249 215 -52 0
11 BLUDGER 6474 1189 -542 361 0
12 BLUDGER 7442 1821 54 100 0
M 4780 2391 150
M 3455 1238 150
114
151
Standard Error Stream:
M 5915 1249 135
M 3455 1238 135
115
151
Standard Error Stream:
2 22
2 17
9
0 WIZARD 4621 3317 -466 366 0
1 WIZARD 4198 1374 79 -206 0
2 OPPONENT_WIZARD 5355 992 -48 149 1
3 OPPONENT_WIZARD 2768 2093 278 -228 0
7 SNAFFLE 3237 1300 -164 47 0
8 SNAFFLE 4813 2395 25 3 0
10 SNAFFLE 5355 992 -48 149 1
11 BLUDGER 5890 1512 -504 293 0
12 BLUDGER 7385 1864 -52 39 0
M 4813 2395 150
M 3237 1300 150
116
151
Standard Error Stream:
T 5355 1002 500
M 3237 1300 135
117
151
Standard Error Stream:
2 23
2 18
9
0 WIZARD 4186 3536 -327 164 0
1 WIZARD 4127 1156 -53 -163 0
2 OPPONENT_WIZARD 5298 1109 -62 21 0
3 OPPONENT_WIZARD 3115 1749 260 -258 0
7 SNAFFLE 3073 1347 -123 35 0
8 SNAFFLE 4838 2398 19 2 0
10 SNAFFLE 4390 1722 -1177 340 0
11 BLUDGER 5355 1748 -445 238 2
12 BLUDGER 7218 1854 -150 -9 0
M 4838 2398 150
M 4390 1722 150
118
151
Standard Error Stream:
M 5299 1259 135
M 3073 1347 135
119
151
Standard Error Stream:
2 24
2 19
9
0 WIZARD 3934 3570 -189 25 0
1 WIZARD 4137 1129 8 -20 0
2 OPPONENT_WIZARD 5237 1265 -46 117 0
3 OPPONENT_WIZARD 3361 1357 184 -294 1
7 SNAFFLE 3361 1357 184 -294 1
8 SNAFFLE 4857 2400 14 2 0
10 SNAFFLE 3213 2062 -883 255 0
11 BLUDGER 4797 1932 -502 165 2
12 BLUDGER 6951 1800 -240 -49 0
M 4857 2400 150
M 3999 1187 150
120
151
Standard Error Stream:
M 5196 1409 135
T 3367 1365 500
121
151
Standard Error Stream:
2 25
2 20
9
0 WIZARD 3838 3477 -72 -70 0
1 WIZARD 4377 1061 186 -53 0
2 OPPONENT_WIZARD 5154 1512 -62 185 0
3 OPPONENT_WIZARD 3175 1169 -146 -139 0
7 SNAFFLE 3822 1628 -968 -750 0
8 SNAFFLE 4871 2402 11 2 0
10 SNAFFLE 2330 2317 -662 191 0
11 BLUDGER 4236 2015 -407 146 2
12 BLUDGER 6592 1714 -323 -78 0
M 3988 3466 150
M 3822 1628 150
122
151
Standard Error Stream:
F 5196 1409 10
M 3822 1628 135
123
151
Standard Error Stream:
2 26
2 1
9
0 WIZARD 3916 3396 58 -61 0
1 WIZARD 4458 1115 61 41 0
2 OPPONENT_WIZARD 5092 1697 -47 139 0
3 OPPONENT_WIZARD 3139 1108 -27 -46 0
7 SNAFFLE 2854 878 -726 -563 0
8 SNAFFLE 4882 2404 8 2 0
10 SNAFFLE 1668 2508 -497 143 0
11 BLUDGER 3847 2037 -350 20 2
12 BLUDGER 6145 1619 -402 -86 0
P 3988 3466 10
M 4318 1062 150
124
151
Standard Error Stream:
M 5055 1842 135
M 3011 1029 135
125
151
Standard Error Stream:
2 17
2 2
9
0 WIZARD 3974 3335 44 -46 0
1 WIZARD 4379 1103 -59 -9 0
2 OPPONENT_WIZARD 5012 1967 -60 202 0
3 OPPONENT_WIZARD 2997 991 -106 -88 1
7 SNAFFLE 2997 991 -106 -88 1
8 SNAFFLE 4890 2406 6 2 0
10 SNAFFLE 228 2874 -1080 275 0
11 BLUDGER 3566 1953 -253 -76 2
12 BLUDGER 5618 1542 -474 -69 0
M 4080 3229 150
M 4229 1095 150
126
151
Standard Error Stream:
M 4890 2406 135
T 2129 1488 500
127
151
Standard Error Stream:
2 18
3 3
8
0 WIZARD 4124 3183 113 -114 0
1 WIZARD 4170 1086 -157 -13 0
2 OPPONENT_WIZARD 4916 2299 -72 249 1
3 OPPONENT_WIZARD 2891 903 -80 -66 0
7 SNAFFLE 2023 1400 -730 307 0
8 SNAFFLE 4916 2299 -72 249 1
11 BLUDGER 3249 1769 -285 -165 2
12 BLUDGER 5042 1545 -519 2 0
M 4916 2299 150
M 2023 1400 150
128
151
Standard Error Stream:
T 3947 2050 500
M 2840 1044 135
129
151
Standard Error Stream:
2 19
3 4
8
0 WIZARD 4227 3059 -133 101 0
1 WIZARD 3865 1095 -229 7 0
2 OPPONENT_WIZARD 4954 2446 239 -84 0
3 OPPONENT_WIZARD 2736 872 -250 -448 0
7 SNAFFLE 1293 1707 -548 230 0
8 SNAFFLE 3875 2299 -780 0 0
11 BLUDGER 2920 1500 -276 -178 3
12 BLUDGER 4502 1670 -486 113 0
M 3875 2299 150
M 1293 1707 150
130
151
Standard Error Stream:
M 3875 2299 135
M 1293 1707 135
131
151
Standard Error Stream:
2 20
3 5
8
0 WIZARD 4031 3024 -147 -26 0
1 WIZARD 3490 1137 -281 31 0
2 OPPONENT_WIZARD 5059 2344 79 -77 0
3 OPPONENT_WIZARD 2369 492 -275 -285 0
7 SNAFFLE 745 1937 -411 173 0
8 SNAFFLE 3095 2299 -585 0 0
11 BLUDGER 2759 1273 -145 -205 3
12 BLUDGER 3923 1699 -521 26 0
P 3875 2299 7
M 745 1937 150
132
151
Standard Error Stream:
M 4930 2420 135
M 745 1937 135
133
151
Standard Error Stream:
2 11
3 6
8
0 WIZARD 3884 2998 -110 -20 0
1 WIZARD 3236 652 -166 -627 0
2 OPPONENT_WIZARD 5022 2336 -28 -6 0
3 OPPONENT_WIZARD 1993 503 -282 146 0
7 SNAFFLE 334 2110 -308 130 0
8 SNAFFLE 2510 2299 -439 0 0
11 BLUDGER 2674 1049 -104 -200 1
12 BLUDGER 3367 1692 -477 31 1
M 3768 2903 150
M 334 2110 150
134
151
Standard Error Stream:
M 4872 2339 135
M 334 2110 135
135
151
Standard Error Stream:
2 12
3 7
8
0 WIZARD 3658 2883 -170 -86 0
1 WIZARD 3203 526 385 4 0
2 OPPONENT_WIZARD 4859 2333 -122 -2 0
3 OPPONENT_WIZARD 1614 743 -284 180 0
7 SNAFFLE 334 2110 0 0 0
8 SNAFFLE 2071 2299 -329 0 0
11 BLUDGER 2439 794 -273 -188 1
12 BLUDGER 2936 1839 -388 133 1
M 2071 2299 150
M 334 2110 150
136
151
Standard Error Stream:
M 4709 2332 135
M 334 2110 135
137
151
Standard Error Stream:
2 13
3 8
8
0 WIZARD 3347 2745 -233 -103 0
1 WIZARD 3457 603 190 57 0
2 OPPONENT_WIZARD 4602 2330 -193 -2 0
3 OPPONENT_WIZARD 1238 1022 -282 209 0
7 SNAFFLE 334 2110 0 0 0
8 SNAFFLE 1742 2299 -247 0 0
11 BLUDGER 2041 598 -358 -176 1
12 BLUDGER 2619 2075 -285 212 1
M 1742 2299 150
M 334 2110 150
138
151
Standard Error Stream:
M 4452 2318 135
M 334 2110 135
139
151
Standard Error Stream:
2 14
3 9
8
0 WIZARD 2985 2609 140 80 0
1 WIZARD 3512 725 41 92 0
2 OPPONENT_WIZARD 4274 2317 -246 -10 0
3 OPPONENT_WIZARD 870 1335 -276 235 0
7 SNAFFLE 334 2110 0 0 0
8 SNAFFLE 1495 2299 -185 0 0
11 BLUDGER 1572 480 -422 -106 1
12 BLUDGER 2424 2371 -237 239 0
M 1495 2299 150
M 3370 677 150
140
151
Standard Error Stream:
M 1495 2299 135
M 334 2110 135
141
151
Standard Error Stream:
2 15
3 10
8
0 WIZARD 2978 2658 -5 37 0
1 WIZARD 3411 769 -76 33 0
2 OPPONENT_WIZARD 3893 2306 -286 -8 0
3 OPPONENT_WIZARD 872 1566 366 56 0
7 SNAFFLE 334 2110 0 0 0
8 SNAFFLE 1310 2299 -139 0 0
11 BLUDGER 1071 471 -451 -8 1
12 BLUDGER 2312 2606 -101 212 0
M 2844 2591 150
M 3274 829 150
142
151
Standard Error Stream:
M 1310 2299 135
M 334 2110 135
143
151
Standard Error Stream:
2 16
3 11
8
0 WIZARD 3004 2687 174 73 0
1 WIZARD 3198 862 -160 70 0
2 OPPONENT_WIZARD 3678 2202 29 -167 0
3 OPPONENT_WIZARD 1143 1718 203 114 0
7 SNAFFLE 334 2110 0 0 0
8 SNAFFLE 1171 2299 -104 0 0
11 BLUDGER 598 586 -426 103 1
12 BLUDGER 2287 2799 -74 180 0
M 1171 2299 150
M 3051 891 150
144
151
Standard Error Stream:
M 1171 2299 135
M 334 2110 135
145
151
Standard Error Stream:
2 17
3 12
8
0 WIZARD 3031 2729 20 31 0
1 WIZARD 2891 961 -230 74 0
2 OPPONENT_WIZARD 3572 2040 -79 -121 0
3 OPPONENT_WIZARD 1225 1891 61 130 0
7 SNAFFLE 334 2110 0 0 0
8 SNAFFLE 1067 2299 -78 0 0
11 BLUDGER 226 802 -335 194 1
12 BLUDGER 2328 2930 37 118 0
M 2892 2672 150
M 334 2110 150
146
151
Standard Error Stream:
M 3508 2176 135
M 1141 1767 135
147
151
Standard Error Stream:
2 18
3 13
8
0 WIZARD 2912 2703 -89 -19 0
1 WIZARD 2524 1096 -275 102 0
2 OPPONENT_WIZARD 3436 2041 -102 1 0
3 OPPONENT_WIZARD 1210 1909 -11 14 0
7 SNAFFLE 334 2110 0 0 0
8 SNAFFLE 989 2299 -59 0 0
11 BLUDGER 424 1088 225 258 1
12 BLUDGER 2274 2962 -49 29 0
M 2765 2672 150
M 334 2110 150
148
151
Standard Error Stream:
M 3288 2066 135
M 1062 1932 135
149
151
Standard Error Stream:
2 19
3 14
8
0 WIZARD 2908 2677 111 -8 0
1 WIZARD 2113 1261 -308 124 0
2 OPPONENT_WIZARD 3379 1844 44 -255 0
3 OPPONENT_WIZARD 1066 1944 -108 26 1
7 SNAFFLE 334 2110 0 0 0
8 SNAFFLE 1066 1944 -108 26 1
11 BLUDGER 735 1436 280 313 1
12 BLUDGER 2272 2938 -32 -7 0
M 2758 2676 150
M 1066 1944 150
150
151
Standard Error Stream:
M 334 2110 135
T 100 2202 500
151
151
C




2154
2155
2156
2157
2158
2159
2160
2161
2162
2163
2164
2165
2166
2167
2168
2169
2170
2171
2172
2173
2174
2175
2176
2177
2178
2179
2180
2181
2182
2183
2184
2185
2186
2187
2188
2189
  window->background.g = 1.0;
  window->background.b = 1.0;
  window->on_key = on_key;
  gmTick = (startFrame / 2) % gmC;
  if (startLoop)
  {
    loopTick = gmTick;
    loopWidth = startLoop;
  }
  *liveGm = gmsF[gmTick];
  startUp = 0;
  S2D_Show(window);
  S2D_FreeWindow(window);
}
#endif
int main(int argc, char *argv[])
{
  start = clock();
  mkPole(&poles[0], 0, goalY - goalR);
  mkPole(&poles[1], 0, goalY + goalR);
  mkPole(&poles[2], width, goalY - goalR);
  mkPole(&poles[3], width, goalY + goalR);
  if (lcl)
  {
    runLcl();
  }
  else
  {
    battle();
  }
  return 0;
}
PLAYERSOPTIONS
 
MANUAL
AUTO

seed=442795382

Actions
PLAY MY CODE REPLAY IN SAME CONDITIONS  SUBMIT
