97
0 0
0 0
13
0 WIZARD 1000 5250 0 0 0
1 WIZARD 1000 2250 0 0 0
2 OPPONENT_WIZARD 15000 2250 0 0 0
3 OPPONENT_WIZARD 15000 5250 0 0 0
4 SNAFFLE 4694 6150 0 0 0
5 SNAFFLE 11306 1350 0 0 0
6 SNAFFLE 2240 946 0 0 0
7 SNAFFLE 13760 6554 0 0 0
8 SNAFFLE 2511 3022 0 0 0
9 SNAFFLE 13489 4478 0 0 0
10 SNAFFLE 8000 3750 0 0 0
11 BLUDGER 7450 3750 0 0 -1
12 BLUDGER 8550 3750 0 0 -1
M 1084 5126 150
M 1103 2141 150
02
97
Standard Error Stream:
M 14916 2374 135
M 14897 5359 135
03
97
Standard Error Stream:
0 1
0 1
13
0 WIZARD 1084 5126 63 -93 0
1 WIZARD 1103 2141 77 -82 0
2 OPPONENT_WIZARD 14924 2362 -57 84 0
3 OPPONENT_WIZARD 14907 5348 -70 74 0
4 SNAFFLE 4694 6150 0 0 0
5 SNAFFLE 11306 1350 0 0 0
6 SNAFFLE 2240 946 0 0 0
7 SNAFFLE 13760 6554 0 0 0
8 SNAFFLE 2511 3022 0 0 0
9 SNAFFLE 13489 4478 0 0 0
10 SNAFFLE 8000 3750 0 0 0
11 BLUDGER 7328 3778 -110 25 -1
12 BLUDGER 8672 3722 110 -25 -1
M 1168 5002 150
M 1207 2033 150
04
97
Standard Error Stream:
M 14840 2486 135
M 14803 5457 135
05
97
Standard Error Stream:
0 2
0 2
13
0 WIZARD 1231 4909 110 -163 0
1 WIZARD 1284 1951 136 -143 0
2 OPPONENT_WIZARD 14791 2558 -100 147 0
3 OPPONENT_WIZARD 14744 5520 -122 129 0
4 SNAFFLE 4694 6150 0 0 0
5 SNAFFLE 11306 1350 0 0 0
6 SNAFFLE 2240 946 0 0 0
7 SNAFFLE 13760 6554 0 0 0
8 SNAFFLE 2511 3022 0 0 0
9 SNAFFLE 13489 4478 0 0 0
10 SNAFFLE 8000 3750 0 0 0
11 BLUDGER 7096 3829 -209 46 -1
12 BLUDGER 8904 3670 209 -46 -1
M 1354 4823 150
M 1389 1844 150
06
97
Standard Error Stream:
M 14736 2697 135
M 14602 5569 135
07
97
Standard Error Stream:
0 3
0 3
13
0 WIZARD 1464 4660 175 -187 0
1 WIZARD 1525 1701 181 -188 0
2 OPPONENT_WIZARD 14641 2831 -112 204 0
3 OPPONENT_WIZARD 14494 5693 -187 130 0
4 SNAFFLE 4694 6150 0 0 0
5 SNAFFLE 11306 1350 0 0 0
6 SNAFFLE 2240 946 0 0 0
7 SNAFFLE 13760 6554 0 0 0
8 SNAFFLE 2511 3022 0 0 0
9 SNAFFLE 13489 4478 0 0 0
10 SNAFFLE 8000 3750 0 0 0
11 BLUDGER 6764 3898 -299 62 -1
12 BLUDGER 9236 3601 299 -62 -1
M 2511 3022 150
M 2240 946 150
08
97
Standard Error Stream:
M 13489 4478 135
M 13760 6554 135
09
97
Standard Error Stream:
0 4
0 4
13
0 WIZARD 1720 4347 192 -235 0
1 WIZARD 1809 1404 213 -223 0
2 OPPONENT_WIZARD 14452 3146 -142 236 0
3 OPPONENT_WIZARD 14219 5926 -206 175 0
4 SNAFFLE 4694 6150 0 0 0
5 SNAFFLE 11306 1350 0 0 0
6 SNAFFLE 2240 946 0 0 0
7 SNAFFLE 13760 6554 0 0 0
8 SNAFFLE 2511 3022 0 0 0
9 SNAFFLE 13489 4478 0 0 0
10 SNAFFLE 8000 3750 0 0 0
11 BLUDGER 6341 3978 -380 72 -1
12 BLUDGER 9659 3521 380 -72 -1
M 2511 3022 150
M 2240 946 150
10
97
Standard Error Stream:
M 13489 4478 135
M 13760 6554 135
11
97
Standard Error Stream:
0 5
0 5
13
0 WIZARD 1989 3983 202 -273 0
1 WIZARD 2125 1072 237 -249 1
2 OPPONENT_WIZARD 14231 3491 -166 259 0
3 OPPONENT_WIZARD 13933 6210 -214 213 1
4 SNAFFLE 4694 6150 0 0 0
5 SNAFFLE 11306 1350 0 0 0
6 SNAFFLE 2125 1072 237 -249 1
7 SNAFFLE 13933 6210 -214 213 1
8 SNAFFLE 2511 3022 0 0 0
9 SNAFFLE 13489 4478 0 0 0
10 SNAFFLE 8000 3750 0 0 0
11 BLUDGER 5836 4060 -454 74 -1
12 BLUDGER 10164 3439 454 -74 -1
M 2511 3022 150
T 16000 1072 500
12
97
Standard Error Stream:
M 13489 4478 135
T 0 6210 500
13
97
Standard Error Stream:
0 6
0 6
13
0 WIZARD 2263 3578 205 -304 0
1 WIZARD 2362 823 178 -187 0
2 OPPONENT_WIZARD 13984 3858 -185 275 0
3 OPPONENT_WIZARD 13719 6423 -161 160 0
4 SNAFFLE 4694 6150 0 0 0
5 SNAFFLE 11306 1350 0 0 0
6 SNAFFLE 3362 823 928 -187 0
7 SNAFFLE 12719 6423 -911 160 0
8 SNAFFLE 2511 3022 0 0 0
9 SNAFFLE 13489 4478 0 0 0
10 SNAFFLE 8000 3750 0 0 0
11 BLUDGER 5257 4131 -521 64 -1
12 BLUDGER 10743 3367 521 -65 -1
M 2511 3022 150
M 3362 823 150
14
97
Standard Error Stream:
M 13489 4478 135
M 12719 6423 135
15
97
Standard Error Stream:
0 7
0 7
13
0 WIZARD 2529 3137 200 -331 1
1 WIZARD 2690 636 246 -140 0
2 OPPONENT_WIZARD 13715 4239 -202 285 1
3 OPPONENT_WIZARD 13423 6583 -222 120 0
4 SNAFFLE 4694 6150 0 0 0
5 SNAFFLE 11306 1350 0 0 0
6 SNAFFLE 4290 636 696 -140 0
7 SNAFFLE 11808 6583 -683 120 0
8 SNAFFLE 2529 3137 200 -331 1
9 SNAFFLE 13715 4239 -202 285 1
10 SNAFFLE 8000 3750 0 0 0
11 BLUDGER 4613 4172 -580 37 -1
12 BLUDGER 11388 3321 580 -42 -1
T 16000 3137 500
M 4290 636 150
16
97
Standard Error Stream:
T 0 4239 500
M 11808 6583 135
17
97
Standard Error Stream:
0 8
0 8
13
0 WIZARD 2729 2806 150 -248 0
1 WIZARD 3086 496 297 -105 0
2 OPPONENT_WIZARD 13513 4524 -152 214 0
3 OPPONENT_WIZARD 13066 6703 -268 90 0
4 SNAFFLE 4694 6150 0 0 0
5 SNAFFLE 11306 1350 0 0 0
6 SNAFFLE 4986 496 522 -105 0
7 SNAFFLE 11125 6703 -512 90 0
8 SNAFFLE 3729 2806 900 -248 0
9 SNAFFLE 12513 4524 -902 214 0
10 SNAFFLE 8000 3750 0 0 0
11 BLUDGER 3921 4153 -623 -17 -1
12 BLUDGER 12084 3325 627 3 -1
M 3729 2806 150
M 4986 496 150
18
97
Standard Error Stream:
M 12513 4524 135
M 11125 6703 135
19
97
Standard Error Stream:
0 9
0 9
13
0 WIZARD 3029 2558 225 -186 0
1 WIZARD 3533 409 335 79 0
2 OPPONENT_WIZARD 13226 4738 -215 161 0
3 OPPONENT_WIZARD 12663 6793 -302 68 0
4 SNAFFLE 4694 6150 0 0 0
5 SNAFFLE 11306 1350 0 0 0
6 SNAFFLE 5508 391 392 -79 0
7 SNAFFLE 10613 6793 -384 68 0
8 SNAFFLE 4629 2558 675 -186 0
9 SNAFFLE 11611 4738 -677 161 0
10 SNAFFLE 8000 3750 0 0 0
11 BLUDGER 3215 4042 -635 -100 -1
12 BLUDGER 12807 3408 650 75 -1
M 4629 2558 150
M 5508 391 150
20
97
Standard Error Stream:
M 11611 4738 135
M 10613 6793 135
21
97
Standard Error Stream:
0 10
0 10
13
0 WIZARD 3404 2372 281 -140 0
1 WIZARD 4018 487 364 58 0
2 OPPONENT_WIZARD 12876 4899 -263 121 0
3 OPPONENT_WIZARD 12226 6861 -328 51 0
4 SNAFFLE 4694 6150 0 0 0
5 SNAFFLE 11306 1350 0 0 0
6 SNAFFLE 5900 312 294 -59 0
7 SNAFFLE 10229 6861 -288 51 0
8 SNAFFLE 5304 2372 506 -140 0
9 SNAFFLE 10934 4899 -508 121 0
10 SNAFFLE 8000 3750 0 0 0
11 BLUDGER 2564 3818 -585 -202 -1
12 BLUDGER 13495 3602 619 175 -1
M 5304 2372 150
M 5900 312 150
22
97
Standard Error Stream:
M 10934 4899 135
M 10229 6861 135
23
97
Standard Error Stream:
0 11
0 11
13
0 WIZARD 3835 2232 323 -105 0
1 WIZARD 4531 531 385 33 0
2 OPPONENT_WIZARD 12478 5020 -299 91 0
3 OPPONENT_WIZARD 11763 6912 -347 38 0
4 SNAFFLE 4694 6150 0 0 0
5 SNAFFLE 11306 1350 0 0 0
6 SNAFFLE 6194 253 221 -44 0
7 SNAFFLE 9941 6912 -216 38 0
8 SNAFFLE 5810 2232 380 -105 0
9 SNAFFLE 10426 5020 -381 91 0
10 SNAFFLE 8000 3750 0 0 0
11 BLUDGER 2042 3508 -470 -279 -1
12 BLUDGER 14060 3890 509 259 -1
M 5810 2232 150
M 6194 253 150
24
97
Standard Error Stream:
M 10426 5020 135
M 9941 6912 135
25
97
Standard Error Stream:
0 12
0 12
13
0 WIZARD 4308 2127 355 -79 0
1 WIZARD 5064 539 400 6 0
2 OPPONENT_WIZARD 12044 5111 -326 68 0
3 OPPONENT_WIZARD 11281 6950 -362 29 0
4 SNAFFLE 4694 6150 0 0 0
5 SNAFFLE 11306 1350 0 0 0
6 SNAFFLE 6415 209 166 -33 0
7 SNAFFLE 9725 6950 -162 29 0
8 SNAFFLE 6190 2127 285 -79 0
9 SNAFFLE 10045 5111 -286 68 0
10 SNAFFLE 8000 3750 0 0 0
11 BLUDGER 1674 3157 -331 -316 -1
12 BLUDGER 14467 4222 367 298 -1
M 6190 2127 150
M 6415 209 150
26
97
Standard Error Stream:
M 10045 5111 135
M 9725 6950 135
27
97
Standard Error Stream:
0 13
0 13
13
0 WIZARD 4813 2048 379 -59 0
1 WIZARD 5610 509 409 -22 0
2 OPPONENT_WIZARD 11583 5179 -346 51 0
3 OPPONENT_WIZARD 10784 6979 -373 22 0
4 SNAFFLE 4694 6150 0 0 0
5 SNAFFLE 11306 1350 0 0 0
6 SNAFFLE 6581 176 125 -25 0
7 SNAFFLE 9563 6979 -122 22 0
8 SNAFFLE 6475 2048 214 -59 0
9 SNAFFLE 9759 5179 -215 51 0
10 SNAFFLE 8000 3750 0 0 0
11 BLUDGER 1459 2795 -193 -325 -1
12 BLUDGER 14717 4563 225 307 -1
M 6475 2048 150
M 6581 176 150
28
97
Standard Error Stream:
M 9759 5179 135
M 9563 6979 135
29
97
Standard Error Stream:
0 14
0 14
13
0 WIZARD 5342 1989 397 -44 0
1 WIZARD 6161 438 413 -53 0
2 OPPONENT_WIZARD 11102 5230 -361 38 0
3 OPPONENT_WIZARD 10276 7001 -381 17 0
4 SNAFFLE 4694 6150 0 0 0
5 SNAFFLE 11306 1350 0 0 0
6 SNAFFLE 6706 151 94 -19 0
7 SNAFFLE 9441 7001 -92 17 0
8 SNAFFLE 6689 1989 161 -44 0
9 SNAFFLE 9544 5230 -161 38 0
10 SNAFFLE 8000 3750 0 0 0
11 BLUDGER 1388 2443 -64 -317 -1
12 BLUDGER 14819 4894 92 298 -1
M 6689 1989 150
M 6706 151 150
30
97
Standard Error Stream:
M 9544 5230 135
M 9441 7001 135
31
97
Standard Error Stream:
0 15
0 15
13
0 WIZARD 5889 1945 410 -33 0
1 WIZARD 6707 485 409 92 1
2 OPPONENT_WIZARD 10606 5268 -372 29 0
3 OPPONENT_WIZARD 9760 7018 -387 13 0
4 SNAFFLE 4694 6150 0 0 0
5 SNAFFLE 11306 1350 0 0 0
6 SNAFFLE 6707 485 409 92 1
7 SNAFFLE 9349 7018 -69 13 0
8 SNAFFLE 6850 1945 121 -33 0
9 SNAFFLE 9383 5268 -121 29 0
10 SNAFFLE 8000 3750 0 0 0
11 BLUDGER 1448 2112 54 -298 -1
12 BLUDGER 14787 5203 -29 278 -1
M 6850 1945 150
T 16000 485 500
32
97
Standard Error Stream:
M 9383 5268 135
M 9349 7018 135
33
97
Standard Error Stream:
0 16
0 16
13
0 WIZARD 6449 1912 420 -25 0
1 WIZARD 7116 577 307 69 0
2 OPPONENT_WIZARD 10099 5297 -380 22 0
3 OPPONENT_WIZARD 9238 7031 -392 10 1
4 SNAFFLE 4694 6150 0 0 0
5 SNAFFLE 11306 1350 0 0 0
6 SNAFFLE 8116 577 1057 69 0
7 SNAFFLE 9238 7031 -392 10 1
8 SNAFFLE 6971 1912 91 -25 0
9 SNAFFLE 9262 5297 -91 22 0
10 SNAFFLE 8000 3750 0 0 0
11 BLUDGER 1627 1809 161 -272 -1
12 BLUDGER 14633 5483 -139 252 -1
M 6971 1912 150
M 8116 577 150
34
97
Standard Error Stream:
M 9262 5297 135
T 0 7031 500
35
97
Standard Error Stream:
0 17
0 17
13
0 WIZARD 7019 1887 428 -19 1
1 WIZARD 7573 646 343 52 0
2 OPPONENT_WIZARD 9584 5319 -386 17 0
3 OPPONENT_WIZARD 8846 7041 -294 8 0
4 SNAFFLE 4694 6150 0 0 0
5 SNAFFLE 11306 1350 0 0 0
6 SNAFFLE 9173 646 793 52 0
7 SNAFFLE 7846 7041 -1044 8 0
8 SNAFFLE 7019 1887 428 -19 1
9 SNAFFLE 9171 5319 -68 17 0
10 SNAFFLE 8000 3750 0 0 0
11 BLUDGER 1913 1540 257 -242 -1
12 BLUDGER 14369 5730 -238 222 -1
T 16000 1887 500
M 9173 646 150
36
97
Standard Error Stream:
M 9171 5319 135
M 7846 7041 135
37
97
Standard Error Stream:
0 18
0 18
13
0 WIZARD 7447 1868 321 -14 0
1 WIZARD 8066 698 370 39 0
2 OPPONENT_WIZARD 9063 5336 -391 13 1
3 OPPONENT_WIZARD 8417 7049 -322 6 0
4 SNAFFLE 4694 6150 0 0 0
5 SNAFFLE 11306 1350 0 0 0
6 SNAFFLE 9966 698 595 39 0
7 SNAFFLE 6802 7049 -783 6 0
8 SNAFFLE 8447 1868 1071 -14 0
9 SNAFFLE 9063 5336 -391 13 1
10 SNAFFLE 8000 3750 0 0 0
11 BLUDGER 2295 1306 344 -210 -1
12 BLUDGER 14006 5941 -326 190 -1
M 8447 1868 150
M 9966 698 150
38
97
Standard Error Stream:
T 0 5336 500
M 6802 7049 135
39
97
Standard Error Stream:
0 19
0 19
13
0 WIZARD 7918 1854 353 -11 0
1 WIZARD 8586 737 390 29 0
2 OPPONENT_WIZARD 8672 5349 -293 10 0
3 OPPONENT_WIZARD 7960 7055 -343 5 0
4 SNAFFLE 4694 6150 0 0 0
5 SNAFFLE 11306 1350 0 0 0
6 SNAFFLE 10561 737 446 29 0
7 SNAFFLE 6019 7055 -587 5 0
8 SNAFFLE 9518 1854 803 -11 0
9 SNAFFLE 7672 5349 -1043 10 0
10 SNAFFLE 8000 3750 0 0 0
11 BLUDGER 2763 1110 421 -177 -1
12 BLUDGER 13556 6116 -405 157 -1
M 8000 3750 150
M 9518 1854 150
40
97
Standard Error Stream:
M 7672 5349 135
M 6019 7055 135
41
97
Standard Error Stream:
0 20
0 20
13
0 WIZARD 8277 1993 270 104 0
1 WIZARD 9072 881 365 108 0
2 OPPONENT_WIZARD 8244 5359 -321 8 0
3 OPPONENT_WIZARD 7482 7060 -359 4 0
4 SNAFFLE 4694 6150 0 0 0
5 SNAFFLE 11306 1350 0 0 0
6 SNAFFLE 11007 766 335 22 0
7 SNAFFLE 5432 7060 -440 4 0
8 SNAFFLE 10321 1843 602 -8 0
9 SNAFFLE 6629 5359 -782 8 0
10 SNAFFLE 8000 3750 0 0 0
11 BLUDGER 3308 951 490 -143 -1
12 BLUDGER 13028 6254 -476 124 -1
M 8000 3750 150
F 9518 1854 5
42
97
Standard Error Stream:
F 7672 5349 9
M 6629 5359 135
43
97
Standard Error Stream:
0 1
0 1
13
0 WIZARD 8524 2245 185 189 0
1 WIZARD 9437 989 274 81 0
2 OPPONENT_WIZARD 7923 5367 -241 6 0
3 OPPONENT_WIZARD 7062 6943 -315 -88 0
4 SNAFFLE 4694 6150 0 0 0
5 SNAFFLE 11306 1350 0 0 0
6 SNAFFLE 11342 788 251 17 0
7 SNAFFLE 4992 7064 -330 3 0
8 SNAFFLE 10923 1835 452 -6 0
9 SNAFFLE 5847 5367 -587 6 0
10 SNAFFLE 8000 3750 0 0 0
11 BLUDGER 3920 834 551 -106 -1
12 BLUDGER 12429 6355 -539 91 -1
M 8000 3750 150
M 10923 1835 150
44
97
Standard Error Stream:
M 8000 3750 135
M 5847 5367 135
45
97
Standard Error Stream:
0 2
0 2
13
0 WIZARD 8660 2576 102 248 0
1 WIZARD 9841 1144 303 116 0
2 OPPONENT_WIZARD 7688 5238 -176 -97 0
3 OPPONENT_WIZARD 6665 6748 -298 -146 0
4 SNAFFLE 4694 6150 0 0 0
5 SNAFFLE 13270 1729 1473 284 0
6 SNAFFLE 11593 805 188 13 0
7 SNAFFLE 4662 7067 -248 2 0
8 SNAFFLE 11375 1829 339 -5 0
9 SNAFFLE 3260 5373 -1940 5 0
10 SNAFFLE 8000 3750 0 0 0
11 BLUDGER 4591 765 603 -62 -1
12 BLUDGER 11768 6419 -595 58 -1
M 8000 3750 150
M 11375 1829 150
46
97
Standard Error Stream:
M 8000 3750 135
M 4662 7067 135
47
97
Standard Error Stream:
0 3
0 3
13
0 WIZARD 8688 2955 21 284 0
1 WIZARD 10281 1321 330 133 0
2 OPPONENT_WIZARD 7540 5009 -111 -172 0
3 OPPONENT_WIZARD 6234 6623 -323 -94 0
4 SNAFFLE 4694 6150 0 0 0
5 SNAFFLE 15721 2180 1838 338 0
6 SNAFFLE 11781 818 141 10 0
7 SNAFFLE 4414 7069 -186 2 0
8 SNAFFLE 11714 1824 254 -4 0
9 SNAFFLE 709 5397 -1913 18 0
10 SNAFFLE 8000 3750 0 0 0
11 BLUDGER 5308 754 645 -10 -1
12 BLUDGER 11053 6442 -644 21 -1
M 8000 3750 150
M 11714 1824 150
48
97
Standard Error Stream:
M 8000 3750 135
M 4694 6150 135
49
97
Standard Error Stream:
1 4
1 4
11
0 WIZARD 8611 3352 -58 298 0
1 WIZARD 10753 1504 354 137 0
2 OPPONENT_WIZARD 7475 4710 -49 -224 0
3 OPPONENT_WIZARD 5782 6489 -339 -100 0
4 SNAFFLE 4694 6150 0 0 0
6 SNAFFLE 11922 828 106 8 0
7 SNAFFLE 4228 7071 -140 2 0
8 SNAFFLE 11968 1820 191 -3 0
10 SNAFFLE 8000 3750 0 0 0
11 BLUDGER 6058 812 675 52 -1
12 BLUDGER 10293 6416 -684 -24 -1
M 8000 3750 150
M 11968 1820 150
50
97
Standard Error Stream:
M 8000 3750 135
M 4694 6150 135
51
97
Standard Error Stream:
1 5
1 5
11
0 WIZARD 8427 3732 -138 285 0
1 WIZARD 11252 1679 374 131 0
2 OPPONENT_WIZARD 7491 4368 12 -257 0
3 OPPONENT_WIZARD 5314 6349 -351 -105 0
4 SNAFFLE 4694 6150 0 0 0
6 SNAFFLE 12028 836 80 6 0
7 SNAFFLE 4088 7073 -105 2 0
8 SNAFFLE 12159 1817 143 -2 0
10 SNAFFLE 8000 3750 0 0 0
11 BLUDGER 6822 952 687 126 -1
12 BLUDGER 9502 6327 -712 -80 -1
M 8000 3750 150
M 12159 1817 150
52
97
Standard Error Stream:
M 8000 3750 135
M 4694 6150 135
53
97
Standard Error Stream:
1 6
1 6
11
0 WIZARD 8414 3910 204 46 1
1 WIZARD 11774 1833 392 115 0
2 OPPONENT_WIZARD 7314 4120 -346 -98 0
3 OPPONENT_WIZARD 4834 6203 -360 -110 1
4 SNAFFLE 4834 6203 -360 -110 1
6 SNAFFLE 12108 842 60 5 0
7 SNAFFLE 3983 7075 -79 2 0
8 SNAFFLE 12302 1815 107 -2 0
10 SNAFFLE 8414 3910 204 46 1
11 BLUDGER 7571 1186 675 211 -1
12 BLUDGER 8700 6160 -721 -151 -1
T 9413 3864 500
M 12302 1815 150
54
97
Standard Error Stream:
M 8414 3910 135
T 3845 6056 500
55
97
Standard Error Stream:
1 7
1 7
11
0 WIZARD 8618 3956 153 35 0
1 WIZARD 12316 1943 406 82 1
2 OPPONENT_WIZARD 7101 3997 -160 -92 0
3 OPPONENT_WIZARD 4474 6093 -270 -83 0
4 SNAFFLE 3485 5946 -1012 -193 0
6 SNAFFLE 12168 847 45 4 0
7 SNAFFLE 3904 7077 -59 2 0
8 SNAFFLE 12316 1943 406 82 1
10 SNAFFLE 9617 3910 902 0 0
11 BLUDGER 8283 1516 641 297 -1
12 BLUDGER 7963 5885 -663 -248 -1
M 9617 3910 150
T 13316 1963 500
56
97
Standard Error Stream:
M 9617 3910 135
M 3485 5946 135
57
97
Standard Error Stream:
1 8
1 8
11
0 WIZARD 8921 3984 227 21 0
1 WIZARD 12722 2025 305 62 0
2 OPPONENT_WIZARD 7076 3900 -19 -72 0
3 OPPONENT_WIZARD 4070 5990 -303 -77 0
4 SNAFFLE 2473 5753 -759 -145 0
6 SNAFFLE 12213 851 34 3 0
7 SNAFFLE 3845 7079 -44 2 0
8 SNAFFLE 13722 2045 1054 76 0
10 SNAFFLE 10519 3910 677 0 0
11 BLUDGER 8941 1937 592 379 -1
12 BLUDGER 7340 5519 -561 -330 -1
M 10519 3910 150
M 13722 2045 150
58
97
Standard Error Stream:
M 7226 3894 135
M 3845 7079 135
59
97
Standard Error Stream:
1 9
1 9
11
0 WIZARD 9298 3998 283 11 0
1 WIZARD 13177 2090 341 49 0
2 OPPONENT_WIZARD 7192 3823 87 -58 0
3 OPPONENT_WIZARD 3740 6045 -248 41 0
4 SNAFFLE 1714 5608 -569 -109 0
6 SNAFFLE 12247 854 26 2 0
7 SNAFFLE 3801 7081 -33 2 0
8 SNAFFLE 14776 2121 791 57 0
10 SNAFFLE 11196 3910 508 0 0
11 BLUDGER 9532 2441 532 454 -1
12 BLUDGER 6759 5066 -523 -408 -1
M 11196 3910 150
M 12247 854 150
60
97
Standard Error Stream:
M 7324 3752 135
M 3801 7081 135
61
97
Standard Error Stream:
1 10
1 10
11
0 WIZARD 9731 4002 325 3 0
1 WIZARD 13428 2019 188 -53 0
2 OPPONENT_WIZARD 7398 3701 154 -91 0
3 OPPONENT_WIZARD 3500 6221 -180 132 0
4 SNAFFLE 1145 5499 -427 -82 0
6 SNAFFLE 12273 856 20 2 0
7 SNAFFLE 3768 7083 -25 2 0
8 SNAFFLE 15567 2178 593 43 0
10 SNAFFLE 11704 3910 381 0 0
11 BLUDGER 10045 3019 462 520 -1
12 BLUDGER 6277 4540 -434 -473 -1
M 11704 3910 150
M 12273 856 150
62
97
Standard Error Stream:
M 7536 3761 135
M 3768 7083 135
63
97
Standard Error Stream:
2 11
1 11
10
0 WIZARD 10060 4276 -11 698 0
1 WIZARD 13510 1860 62 -120 0
2 OPPONENT_WIZARD 7676 3664 208 -28 0
3 OPPONENT_WIZARD 3360 6482 -105 196 0
4 SNAFFLE 718 5417 -320 -62 0
6 SNAFFLE 12293 858 15 2 0
7 SNAFFLE 3743 7085 -19 2 0
10 SNAFFLE 12085 3910 286 0 0
11 BLUDGER 10487 3623 437 470 0
12 BLUDGER 5943 3992 -301 -493 -1
M 12085 3910 150
M 13371 1917 150
64
97
Standard Error Stream:
M 12085 3910 135
M 3743 7085 135
65
97
Standard Error Stream:
2 12
1 12
10
0 WIZARD 10197 4947 102 503 0
1 WIZARD 13433 1797 -58 -47 0
2 OPPONENT_WIZARD 8019 3644 257 -15 0
3 OPPONENT_WIZARD 3327 6792 -24 232 0
4 SNAFFLE 398 5355 -240 -47 0
6 SNAFFLE 12308 860 11 2 0
7 SNAFFLE 3724 7087 -14 2 0
10 SNAFFLE 12371 3910 215 0 0
11 BLUDGER 10799 4095 281 425 0
12 BLUDGER 5765 3476 -160 -465 -1
M 12371 3910 150
M 13318 1700 150
66
97
Standard Error Stream:
M 12371 3910 135
M 3724 7087 135
67
97
Standard Error Stream:
2 13
1 13
10
0 WIZARD 10434 5385 178 329 0
1 WIZARD 13260 1653 -129 -108 0
2 OPPONENT_WIZARD 8411 3637 294 -5 0
3 OPPONENT_WIZARD 3411 7095 63 -234 1
4 SNAFFLE 158 5308 -180 -35 0
6 SNAFFLE 12319 862 8 2 0
7 SNAFFLE 3411 7095 63 -234 1
10 SNAFFLE 12586 3910 161 0 0
11 BLUDGER 10957 4500 142 364 0
12 BLUDGER 5730 3020 -32 -410 -1
M 12586 3910 150
M 13179 1527 150
68
97
Standard Error Stream:
M 12586 3910 135
T 2446 6834 500
69
97
Standard Error Stream:
2 14
2 14
9
0 WIZARD 10736 5629 226 183 0
1 WIZARD 13050 1419 -158 -176 0
2 OPPONENT_WIZARD 8840 3641 322 3 0
3 OPPONENT_WIZARD 3474 6861 47 -176 0
6 SNAFFLE 12327 864 6 2 0
7 SNAFFLE 2509 6600 -677 -371 0
10 SNAFFLE 12747 3910 121 0 0
11 BLUDGER 10981 4824 21 291 0
12 BLUDGER 5820 2638 81 -344 -1
M 12747 3910 150
M 12327 864 150
70
97
Standard Error Stream:
M 12747 3910 135
M 2509 6600 135
71
97
Standard Error Stream:
2 15
2 15
9
0 WIZARD 11076 5715 255 64 0
1 WIZARD 12773 1152 -208 -201 0
2 OPPONENT_WIZARD 9297 3653 343 9 0
3 OPPONENT_WIZARD 3391 6650 -62 -158 0
6 SNAFFLE 12333 866 5 2 0
7 SNAFFLE 1832 6229 -508 -278 0
10 SNAFFLE 12868 3910 91 0 0
11 BLUDGER 10893 5055 -80 207 0
12 BLUDGER 6020 2333 180 -274 -1
M 12868 3910 150
M 12333 866 150
72
97
Standard Error Stream:
M 12868 3910 135
M 1832 6229 135
73
97
Standard Error Stream:
2 16
2 16
9
0 WIZARD 11437 5673 271 -32 0
1 WIZARD 12439 869 -250 -212 1
2 OPPONENT_WIZARD 9775 3672 358 14 0
3 OPPONENT_WIZARD 3199 6457 -144 -145 0
6 SNAFFLE 12439 869 -250 -212 1
7 SNAFFLE 1324 5951 -381 -209 0
10 SNAFFLE 12959 3910 68 0 0
11 BLUDGER 10719 5180 -157 112 0
12 BLUDGER 6316 2106 266 -205 -1
M 12959 3910 150
T 12449 866 500
74
97
Standard Error Stream:
M 12959 3910 135
M 1324 5951 135
75
97
Standard Error Stream:
2 17
2 17
9
0 WIZARD 11806 5527 277 -109 0
1 WIZARD 12189 657 -188 -159 0
2 OPPONENT_WIZARD 10268 3696 369 18 0
3 OPPONENT_WIZARD 2925 6277 -206 -135 0
6 SNAFFLE 13147 370 531 -375 0
7 SNAFFLE 943 5742 -286 -157 0
10 SNAFFLE 13027 3910 51 0 0
11 BLUDGER 10496 5186 -201 5 0
12 BLUDGER 6696 1953 342 -138 -1
M 13027 3910 150
M 13147 370 150
76
97
Standard Error Stream:
M 13027 3910 135
M 943 5742 135
77
97
Standard Error Stream:
2 18
2 18
9
0 WIZARD 12173 5298 276 -172 0
1 WIZARD 12145 455 -33 -152 0
2 OPPONENT_WIZARD 10772 3724 378 21 0
3 OPPONENT_WIZARD 2589 6107 -252 -128 0
6 SNAFFLE 13678 305 398 281 0
7 SNAFFLE 657 5585 -215 -118 0
10 SNAFFLE 13078 3910 38 0 0
11 BLUDGER 10276 5067 -198 -107 0
12 BLUDGER 7150 1870 409 -75 -1
M 13078 3910 150
M 13678 305 150
78
97
Standard Error Stream:
M 13078 3910 135
M 657 5585 135
79
97
Standard Error Stream:
2 19
2 19
9
0 WIZARD 12531 5000 268 -223 0
1 WIZARD 12261 512 87 125 0
2 OPPONENT_WIZARD 11285 3756 384 24 0
3 OPPONENT_WIZARD 2207 5944 -287 -122 0
6 SNAFFLE 14076 586 299 211 0
7 SNAFFLE 442 5467 -161 -89 0
10 SNAFFLE 13116 3910 29 0 0
11 BLUDGER 10121 4843 -139 -202 0
12 BLUDGER 7670 1852 468 -16 -1
M 13116 3910 150
M 14076 586 150
80
97
Standard Error Stream:
M 13116 3910 135
M 442 5467 135
81
97
Standard Error Stream:
2 20
2 20
9
0 WIZARD 12870 4645 254 -266 0
1 WIZARD 12498 643 178 98 0
2 OPPONENT_WIZARD 11804 3791 389 26 0
3 OPPONENT_WIZARD 1790 5787 -313 -118 0
6 SNAFFLE 14375 797 224 158 0
7 SNAFFLE 281 5378 -121 -67 0
10 SNAFFLE 13145 3910 22 0 0
11 BLUDGER 10073 4556 -43 -259 0
12 BLUDGER 8249 1894 521 38 -1
P 13116 3910 7
M 14375 797 150
82
97
Standard Error Stream:
M 13145 3910 135
M 281 5378 135
83
97
Standard Error Stream:
2 11
2 21
9
0 WIZARD 13124 4379 191 -200 0
1 WIZARD 12825 753 246 83 0
2 OPPONENT_WIZARD 12327 3829 393 28 0
3 OPPONENT_WIZARD 1347 5634 -332 -115 0
6 SNAFFLE 14599 955 168 119 0
7 SNAFFLE 160 5311 -91 -50 0
10 SNAFFLE 13167 3910 17 0 0
11 BLUDGER 10144 4246 64 -279 0
12 BLUDGER 8880 1991 568 87 -1
M 13167 3910 150
M 14599 955 150
84
97
Standard Error Stream:
M 13167 3910 135
M 160 5311 135
85
97
Standard Error Stream:
2 12
2 22
9
0 WIZARD 13595 4191 460 -76 1
1 WIZARD 13220 853 296 75 0
2 OPPONENT_WIZARD 12588 3709 89 -155 0
3 OPPONENT_WIZARD 885 5484 -347 -113 0
6 SNAFFLE 14767 1074 126 89 0
7 SNAFFLE 160 5311 0 0 0
10 SNAFFLE 13595 4191 460 -76 1
11 BLUDGER 10331 3944 168 -272 0
12 BLUDGER 9558 2137 610 131 -1
T 14592 4267 500
M 14767 1074 150
86
97
Standard Error Stream:
F 13167 3910 7
M 160 5311 135
87
97
Standard Error Stream:
2 13
2 3
9
0 WIZARD 14055 4115 345 -57 0
1 WIZARD 13664 949 333 72 0
2 OPPONENT_WIZARD 12677 3554 67 -116 0
3 OPPONENT_WIZARD 654 5197 85 -365 0
6 SNAFFLE 14893 1163 95 67 0
7 SNAFFLE 160 5311 0 0 0
10 SNAFFLE 15052 4191 1093 0 0
11 BLUDGER 10623 3659 263 -256 0
12 BLUDGER 10279 2326 649 170 -1
M 15052 4191 150
M 14893 1163 150
88
97
Standard Error Stream:
M 12717 3699 135
M 160 5311 135
89
97
Standard Error Stream:
3 14
2 4
8
0 WIZARD 14550 4069 371 -34 0
1 WIZARD 14145 1047 361 73 0
2 OPPONENT_WIZARD 12780 3568 77 11 0
3 OPPONENT_WIZARD 607 4862 -35 -251 0
6 SNAFFLE 14988 1230 71 50 0
7 SNAFFLE 115 5217 -9 -158 0
11 BLUDGER 11011 3397 349 -236 0
12 BLUDGER 11039 2553 684 204 -1
M 115 5217 150
M 14988 1230 150
90
97
Standard Error Stream:
M 12827 3426 135
M 115 5217 135
91
97
Standard Error Stream:
3 15
2 5
8
0 WIZARD 14771 4047 166 -17 0
1 WIZARD 14653 1152 381 79 0
2 OPPONENT_WIZARD 12899 3451 90 -88 0
3 OPPONENT_WIZARD 463 4690 -108 -129 0
6 SNAFFLE 15059 1280 53 38 0
7 SNAFFLE 33 5068 -61 -111 0
11 BLUDGER 11484 3173 426 -202 0
12 BLUDGER 11831 2820 713 240 -1
M 33 5068 150
M 15059 1280 150
92
97
Standard Error Stream:
M 13004 3343 135
M 33 5068 135
93
97
Standard Error Stream:
3 16
3 6
7
0 WIZARD 14787 4040 12 -5 0
1 WIZARD 15177 1276 393 93 1
2 OPPONENT_WIZARD 13324 3369 1091 267 0
3 OPPONENT_WIZARD 546 4650 157 -30 0
6 SNAFFLE 15177 1276 393 93 1
11 BLUDGER 12033 2995 494 -160 0
12 BLUDGER 12622 3111 596 212 2
M 14797 3890 150
T 15424 2245 500
94
97
Standard Error Stream:
M 15177 1276 135
M 15177 1276 135
95
97
Standard Error Stream:
3 17
3 7
7
0 WIZARD 15100 4083 723 364 0
1 WIZARD 15363 1218 -156 -260 0
2 OPPONENT_WIZARD 14214 3338 179 -355 0
3 OPPONENT_WIZARD 835 4590 216 -45 0
6 SNAFFLE 15817 2338 480 797 0
11 BLUDGER 12647 2870 553 -113 0
12 BLUDGER 13333 3372 640 235 2
M 15817 2338 150
M 15817 2338 150
96
97
Standard Error Stream:
M 15817 2338 135
M 15817 2338 135
97
97
C




2154
2155
2156
2157
2158
2159
2160
2161
2162
2163
2164
2165
2166
2167
2168
2169
2170
2171
2172
2173
2174
2175
2176
2177
2178
2179
2180
2181
2182
2183
2184
2185
2186
2187
2188
2189
  window->background.g = 1.0;
  window->background.b = 1.0;
  window->on_key = on_key;
  gmTick = (startFrame / 2) % gmC;
  if (startLoop)
  {
    loopTick = gmTick;
    loopWidth = startLoop;
  }
  *liveGm = gmsF[gmTick];
  startUp = 0;
  S2D_Show(window);
  S2D_FreeWindow(window);
}
#endif
int main(int argc, char *argv[])
{
  start = clock();
  mkPole(&poles[0], 0, goalY - goalR);
  mkPole(&poles[1], 0, goalY + goalR);
  mkPole(&poles[2], width, goalY - goalR);
  mkPole(&poles[3], width, goalY + goalR);
  if (lcl)
  {
    runLcl();
  }
  else
  {
    battle();
  }
  return 0;
}
PLAYERSOPTIONS
 
MANUAL
AUTO

seed=638990593

Actions
PLAY MY CODE REPLAY IN SAME CONDITIONS  SUBMIT
