177
0 0
0 0
13
0 WIZARD 1000 5250 0 0 0
1 WIZARD 1000 2250 0 0 0
2 OPPONENT_WIZARD 15000 2250 0 0 0
3 OPPONENT_WIZARD 15000 5250 0 0 0
4 SNAFFLE 4694 6150 0 0 0
5 SNAFFLE 11306 1350 0 0 0
6 SNAFFLE 2240 946 0 0 0
7 SNAFFLE 13760 6554 0 0 0
8 SNAFFLE 2511 3022 0 0 0
9 SNAFFLE 13489 4478 0 0 0
10 SNAFFLE 8000 3750 0 0 0
11 BLUDGER 7450 3750 0 0 -1
12 BLUDGER 8550 3750 0 0 -1
M 1084 5126 150
M 1103 2141 150
002
177
Standard Error Stream:
M 14916 2374 135
M 14897 5359 135
003
177
Standard Error Stream:
0 1
0 1
13
0 WIZARD 1084 5126 63 -93 0
1 WIZARD 1103 2141 77 -82 0
2 OPPONENT_WIZARD 14924 2362 -57 84 0
3 OPPONENT_WIZARD 14907 5348 -70 74 0
4 SNAFFLE 4694 6150 0 0 0
5 SNAFFLE 11306 1350 0 0 0
6 SNAFFLE 2240 946 0 0 0
7 SNAFFLE 13760 6554 0 0 0
8 SNAFFLE 2511 3022 0 0 0
9 SNAFFLE 13489 4478 0 0 0
10 SNAFFLE 8000 3750 0 0 0
11 BLUDGER 7328 3778 -110 25 -1
12 BLUDGER 8672 3722 110 -25 -1
M 1168 5002 150
M 1207 2033 150
004
177
Standard Error Stream:
M 14840 2486 135
M 14803 5457 135
005
177
Standard Error Stream:
0 2
0 2
13
0 WIZARD 1231 4909 110 -163 0
1 WIZARD 1284 1951 136 -143 0
2 OPPONENT_WIZARD 14791 2558 -100 147 0
3 OPPONENT_WIZARD 14744 5520 -122 129 0
4 SNAFFLE 4694 6150 0 0 0
5 SNAFFLE 11306 1350 0 0 0
6 SNAFFLE 2240 946 0 0 0
7 SNAFFLE 13760 6554 0 0 0
8 SNAFFLE 2511 3022 0 0 0
9 SNAFFLE 13489 4478 0 0 0
10 SNAFFLE 8000 3750 0 0 0
11 BLUDGER 7096 3829 -209 46 -1
12 BLUDGER 8904 3670 209 -46 -1
M 1354 4823 150
M 1389 1844 150
006
177
Standard Error Stream:
M 14736 2697 135
M 14602 5569 135
007
177
Standard Error Stream:
0 3
0 3
13
0 WIZARD 1464 4660 175 -187 0
1 WIZARD 1525 1701 181 -188 0
2 OPPONENT_WIZARD 14641 2831 -112 204 0
3 OPPONENT_WIZARD 14494 5693 -187 130 0
4 SNAFFLE 4694 6150 0 0 0
5 SNAFFLE 11306 1350 0 0 0
6 SNAFFLE 2240 946 0 0 0
7 SNAFFLE 13760 6554 0 0 0
8 SNAFFLE 2511 3022 0 0 0
9 SNAFFLE 13489 4478 0 0 0
10 SNAFFLE 8000 3750 0 0 0
11 BLUDGER 6764 3898 -299 62 -1
12 BLUDGER 9236 3601 299 -62 -1
M 2511 3022 150
M 2240 946 150
008
177
Standard Error Stream:
M 13489 4478 135
M 13760 6554 135
009
177
Standard Error Stream:
0 4
0 4
13
0 WIZARD 1720 4347 192 -235 0
1 WIZARD 1809 1404 213 -223 0
2 OPPONENT_WIZARD 14452 3146 -142 236 0
3 OPPONENT_WIZARD 14219 5926 -206 175 0
4 SNAFFLE 4694 6150 0 0 0
5 SNAFFLE 11306 1350 0 0 0
6 SNAFFLE 2240 946 0 0 0
7 SNAFFLE 13760 6554 0 0 0
8 SNAFFLE 2511 3022 0 0 0
9 SNAFFLE 13489 4478 0 0 0
10 SNAFFLE 8000 3750 0 0 0
11 BLUDGER 6341 3978 -380 72 -1
12 BLUDGER 9659 3521 380 -72 -1
M 2511 3022 150
M 2240 946 150
010
177
Standard Error Stream:
M 13489 4478 135
M 13760 6554 135
011
177
Standard Error Stream:
0 5
0 5
13
0 WIZARD 1989 3983 202 -273 0
1 WIZARD 2125 1072 237 -249 1
2 OPPONENT_WIZARD 14231 3491 -166 259 0
3 OPPONENT_WIZARD 13933 6210 -214 213 1
4 SNAFFLE 4694 6150 0 0 0
5 SNAFFLE 11306 1350 0 0 0
6 SNAFFLE 2125 1072 237 -249 1
7 SNAFFLE 13933 6210 -214 213 1
8 SNAFFLE 2511 3022 0 0 0
9 SNAFFLE 13489 4478 0 0 0
10 SNAFFLE 8000 3750 0 0 0
11 BLUDGER 5836 4060 -454 74 -1
12 BLUDGER 10164 3439 454 -74 -1
M 2511 3022 150
T 16000 1072 500
012
177
Standard Error Stream:
M 13489 4478 135
T 0 6210 500
013
177
Standard Error Stream:
0 6
0 6
13
0 WIZARD 2263 3578 205 -304 0
1 WIZARD 2362 823 178 -187 0
2 OPPONENT_WIZARD 13984 3858 -185 275 0
3 OPPONENT_WIZARD 13719 6423 -161 160 0
4 SNAFFLE 4694 6150 0 0 0
5 SNAFFLE 11306 1350 0 0 0
6 SNAFFLE 3362 823 928 -187 0
7 SNAFFLE 12719 6423 -911 160 0
8 SNAFFLE 2511 3022 0 0 0
9 SNAFFLE 13489 4478 0 0 0
10 SNAFFLE 8000 3750 0 0 0
11 BLUDGER 5257 4131 -521 64 -1
12 BLUDGER 10743 3367 521 -65 -1
M 2511 3022 150
M 3362 823 150
014
177
Standard Error Stream:
M 13489 4478 135
M 12719 6423 135
015
177
Standard Error Stream:
0 7
0 7
13
0 WIZARD 2529 3137 200 -331 1
1 WIZARD 2690 636 246 -140 0
2 OPPONENT_WIZARD 13715 4239 -202 285 1
3 OPPONENT_WIZARD 13423 6583 -222 120 0
4 SNAFFLE 4694 6150 0 0 0
5 SNAFFLE 11306 1350 0 0 0
6 SNAFFLE 4290 636 696 -140 0
7 SNAFFLE 11808 6583 -683 120 0
8 SNAFFLE 2529 3137 200 -331 1
9 SNAFFLE 13715 4239 -202 285 1
10 SNAFFLE 8000 3750 0 0 0
11 BLUDGER 4613 4172 -580 37 -1
12 BLUDGER 11388 3321 580 -42 -1
T 16000 3137 500
M 4290 636 150
016
177
Standard Error Stream:
T 0 4239 500
M 11808 6583 135
017
177
Standard Error Stream:
0 8
0 8
13
0 WIZARD 2729 2806 150 -248 0
1 WIZARD 3086 496 297 -105 0
2 OPPONENT_WIZARD 13513 4524 -152 214 0
3 OPPONENT_WIZARD 13066 6703 -268 90 0
4 SNAFFLE 4694 6150 0 0 0
5 SNAFFLE 11306 1350 0 0 0
6 SNAFFLE 4986 496 522 -105 0
7 SNAFFLE 11125 6703 -512 90 0
8 SNAFFLE 3729 2806 900 -248 0
9 SNAFFLE 12513 4524 -902 214 0
10 SNAFFLE 8000 3750 0 0 0
11 BLUDGER 3921 4153 -623 -17 -1
12 BLUDGER 12084 3325 627 3 -1
M 3729 2806 150
M 4986 496 150
018
177
Standard Error Stream:
M 12513 4524 135
M 11125 6703 135
019
177
Standard Error Stream:
0 9
0 9
13
0 WIZARD 3029 2558 225 -186 0
1 WIZARD 3533 409 335 79 0
2 OPPONENT_WIZARD 13226 4738 -215 161 0
3 OPPONENT_WIZARD 12663 6793 -302 68 0
4 SNAFFLE 4694 6150 0 0 0
5 SNAFFLE 11306 1350 0 0 0
6 SNAFFLE 5508 391 392 -79 0
7 SNAFFLE 10613 6793 -384 68 0
8 SNAFFLE 4629 2558 675 -186 0
9 SNAFFLE 11611 4738 -677 161 0
10 SNAFFLE 8000 3750 0 0 0
11 BLUDGER 3215 4042 -635 -100 -1
12 BLUDGER 12807 3408 650 75 -1
M 4629 2558 150
M 5508 391 150
020
177
Standard Error Stream:
M 11611 4738 135
M 10613 6793 135
021
177
Standard Error Stream:
0 10
0 10
13
0 WIZARD 3404 2372 281 -140 0
1 WIZARD 4018 487 364 58 0
2 OPPONENT_WIZARD 12876 4899 -263 121 0
3 OPPONENT_WIZARD 12226 6861 -328 51 0
4 SNAFFLE 4694 6150 0 0 0
5 SNAFFLE 11306 1350 0 0 0
6 SNAFFLE 5900 312 294 -59 0
7 SNAFFLE 10229 6861 -288 51 0
8 SNAFFLE 5304 2372 506 -140 0
9 SNAFFLE 10934 4899 -508 121 0
10 SNAFFLE 8000 3750 0 0 0
11 BLUDGER 2564 3818 -585 -202 -1
12 BLUDGER 13495 3602 619 175 -1
M 5304 2372 150
M 5900 312 150
022
177
Standard Error Stream:
M 10934 4899 135
M 10229 6861 135
023
177
Standard Error Stream:
0 11
0 11
13
0 WIZARD 3835 2232 323 -105 0
1 WIZARD 4531 531 385 33 0
2 OPPONENT_WIZARD 12478 5020 -299 91 0
3 OPPONENT_WIZARD 11763 6912 -347 38 0
4 SNAFFLE 4694 6150 0 0 0
5 SNAFFLE 11306 1350 0 0 0
6 SNAFFLE 6194 253 221 -44 0
7 SNAFFLE 9941 6912 -216 38 0
8 SNAFFLE 5810 2232 380 -105 0
9 SNAFFLE 10426 5020 -381 91 0
10 SNAFFLE 8000 3750 0 0 0
11 BLUDGER 2042 3508 -470 -279 -1
12 BLUDGER 14060 3890 509 259 -1
M 5810 2232 150
M 6194 253 150
024
177
Standard Error Stream:
M 10426 5020 135
M 9941 6912 135
025
177
Standard Error Stream:
0 12
0 12
13
0 WIZARD 4308 2127 355 -79 0
1 WIZARD 5064 539 400 6 0
2 OPPONENT_WIZARD 12044 5111 -326 68 0
3 OPPONENT_WIZARD 11281 6950 -362 29 0
4 SNAFFLE 4694 6150 0 0 0
5 SNAFFLE 11306 1350 0 0 0
6 SNAFFLE 6415 209 166 -33 0
7 SNAFFLE 9725 6950 -162 29 0
8 SNAFFLE 6190 2127 285 -79 0
9 SNAFFLE 10045 5111 -286 68 0
10 SNAFFLE 8000 3750 0 0 0
11 BLUDGER 1674 3157 -331 -316 -1
12 BLUDGER 14467 4222 367 298 -1
M 6190 2127 150
M 6415 209 150
026
177
Standard Error Stream:
M 10045 5111 135
M 9725 6950 135
027
177
Standard Error Stream:
0 13
0 13
13
0 WIZARD 4813 2048 379 -59 0
1 WIZARD 5610 509 409 -22 0
2 OPPONENT_WIZARD 11583 5179 -346 51 0
3 OPPONENT_WIZARD 10784 6979 -373 22 0
4 SNAFFLE 4694 6150 0 0 0
5 SNAFFLE 11306 1350 0 0 0
6 SNAFFLE 6581 176 125 -25 0
7 SNAFFLE 9563 6979 -122 22 0
8 SNAFFLE 6475 2048 214 -59 0
9 SNAFFLE 9759 5179 -215 51 0
10 SNAFFLE 8000 3750 0 0 0
11 BLUDGER 1459 2795 -193 -325 -1
12 BLUDGER 14717 4563 225 307 -1
M 6475 2048 150
M 6581 176 150
028
177
Standard Error Stream:
M 9759 5179 135
M 9563 6979 135
029
177
Standard Error Stream:
0 14
0 14
13
0 WIZARD 5342 1989 397 -44 0
1 WIZARD 6161 438 413 -53 0
2 OPPONENT_WIZARD 11102 5230 -361 38 0
3 OPPONENT_WIZARD 10276 7001 -381 17 0
4 SNAFFLE 4694 6150 0 0 0
5 SNAFFLE 11306 1350 0 0 0
6 SNAFFLE 6706 151 94 -19 0
7 SNAFFLE 9441 7001 -92 17 0
8 SNAFFLE 6689 1989 161 -44 0
9 SNAFFLE 9544 5230 -161 38 0
10 SNAFFLE 8000 3750 0 0 0
11 BLUDGER 1388 2443 -64 -317 -1
12 BLUDGER 14819 4894 92 298 -1
M 6689 1989 150
M 6706 151 150
030
177
Standard Error Stream:
M 9544 5230 135
M 9441 7001 135
031
177
Standard Error Stream:
0 15
0 15
13
0 WIZARD 5889 1945 410 -33 0
1 WIZARD 6707 485 409 92 1
2 OPPONENT_WIZARD 10606 5268 -372 29 0
3 OPPONENT_WIZARD 9760 7018 -387 13 0
4 SNAFFLE 4694 6150 0 0 0
5 SNAFFLE 11306 1350 0 0 0
6 SNAFFLE 6707 485 409 92 1
7 SNAFFLE 9349 7018 -69 13 0
8 SNAFFLE 6850 1945 121 -33 0
9 SNAFFLE 9383 5268 -121 29 0
10 SNAFFLE 8000 3750 0 0 0
11 BLUDGER 1448 2112 54 -298 -1
12 BLUDGER 14787 5203 -29 278 -1
M 6850 1945 150
T 16000 485 500
032
177
Standard Error Stream:
M 9383 5268 135
M 9349 7018 135
033
177
Standard Error Stream:
0 16
0 16
13
0 WIZARD 6449 1912 420 -25 0
1 WIZARD 7116 577 307 69 0
2 OPPONENT_WIZARD 10099 5297 -380 22 0
3 OPPONENT_WIZARD 9238 7031 -392 10 1
4 SNAFFLE 4694 6150 0 0 0
5 SNAFFLE 11306 1350 0 0 0
6 SNAFFLE 8116 577 1057 69 0
7 SNAFFLE 9238 7031 -392 10 1
8 SNAFFLE 6971 1912 91 -25 0
9 SNAFFLE 9262 5297 -91 22 0
10 SNAFFLE 8000 3750 0 0 0
11 BLUDGER 1627 1809 161 -272 -1
12 BLUDGER 14633 5483 -139 252 -1
M 6971 1912 150
M 8116 577 150
034
177
Standard Error Stream:
M 9262 5297 135
T 0 7031 500
035
177
Standard Error Stream:
0 17
0 17
13
0 WIZARD 7019 1887 428 -19 1
1 WIZARD 7573 646 343 52 0
2 OPPONENT_WIZARD 9584 5319 -386 17 0
3 OPPONENT_WIZARD 8846 7041 -294 8 0
4 SNAFFLE 4694 6150 0 0 0
5 SNAFFLE 11306 1350 0 0 0
6 SNAFFLE 9173 646 793 52 0
7 SNAFFLE 7846 7041 -1044 8 0
8 SNAFFLE 7019 1887 428 -19 1
9 SNAFFLE 9171 5319 -68 17 0
10 SNAFFLE 8000 3750 0 0 0
11 BLUDGER 1913 1540 257 -242 -1
12 BLUDGER 14369 5730 -238 222 -1
T 16000 1887 500
M 9173 646 150
036
177
Standard Error Stream:
M 9171 5319 135
M 7846 7041 135
037
177
Standard Error Stream:
0 18
0 18
13
0 WIZARD 7447 1868 321 -14 0
1 WIZARD 8066 698 370 39 0
2 OPPONENT_WIZARD 9063 5336 -391 13 1
3 OPPONENT_WIZARD 8417 7049 -322 6 0
4 SNAFFLE 4694 6150 0 0 0
5 SNAFFLE 11306 1350 0 0 0
6 SNAFFLE 9966 698 595 39 0
7 SNAFFLE 6802 7049 -783 6 0
8 SNAFFLE 8447 1868 1071 -14 0
9 SNAFFLE 9063 5336 -391 13 1
10 SNAFFLE 8000 3750 0 0 0
11 BLUDGER 2295 1306 344 -210 -1
12 BLUDGER 14006 5941 -326 190 -1
M 8447 1868 150
M 9966 698 150
038
177
Standard Error Stream:
T 0 5336 500
M 6802 7049 135
039
177
Standard Error Stream:
0 19
0 19
13
0 WIZARD 7918 1854 353 -11 0
1 WIZARD 8586 737 390 29 0
2 OPPONENT_WIZARD 8672 5349 -293 10 0
3 OPPONENT_WIZARD 7960 7055 -343 5 0
4 SNAFFLE 4694 6150 0 0 0
5 SNAFFLE 11306 1350 0 0 0
6 SNAFFLE 10561 737 446 29 0
7 SNAFFLE 6019 7055 -587 5 0
8 SNAFFLE 9518 1854 803 -11 0
9 SNAFFLE 7672 5349 -1043 10 0
10 SNAFFLE 8000 3750 0 0 0
11 BLUDGER 2763 1110 421 -177 -1
12 BLUDGER 13556 6116 -405 157 -1
M 8000 3750 150
M 9518 1854 150
040
177
Standard Error Stream:
M 7672 5349 135
M 6019 7055 135
041
177
Standard Error Stream:
0 20
0 20
13
0 WIZARD 8277 1993 270 104 0
1 WIZARD 9072 881 365 108 0
2 OPPONENT_WIZARD 8244 5359 -321 8 0
3 OPPONENT_WIZARD 7482 7060 -359 4 0
4 SNAFFLE 4694 6150 0 0 0
5 SNAFFLE 11306 1350 0 0 0
6 SNAFFLE 11007 766 335 22 0
7 SNAFFLE 5432 7060 -440 4 0
8 SNAFFLE 10321 1843 602 -8 0
9 SNAFFLE 6629 5359 -782 8 0
10 SNAFFLE 8000 3750 0 0 0
11 BLUDGER 3308 951 490 -143 -1
12 BLUDGER 13028 6254 -476 124 -1
M 8000 3750 150
M 10321 1843 150
042
177
Standard Error Stream:
M 8000 3750 135
M 6629 5359 135
043
177
Standard Error Stream:
0 21
0 21
13
0 WIZARD 8524 2245 185 189 0
1 WIZARD 9556 1081 363 150 0
2 OPPONENT_WIZARD 7903 5234 -256 -94 0
3 OPPONENT_WIZARD 7062 6943 -315 -88 0
4 SNAFFLE 4694 6150 0 0 0
5 SNAFFLE 11306 1350 0 0 0
6 SNAFFLE 11342 788 251 17 0
7 SNAFFLE 4992 7064 -330 3 0
8 SNAFFLE 10923 1835 452 -6 0
9 SNAFFLE 5847 5367 -587 6 0
10 SNAFFLE 8000 3750 0 0 0
11 BLUDGER 3920 834 551 -106 -1
12 BLUDGER 12429 6355 -539 91 -1
M 8000 3750 150
M 10923 1835 150
044
177
Standard Error Stream:
M 8000 3750 135
M 5847 5367 135
045
177
Standard Error Stream:
0 22
0 22
13
0 WIZARD 8660 2576 102 248 0
1 WIZARD 10050 1303 371 167 0
2 OPPONENT_WIZARD 7656 5005 -185 -172 0
3 OPPONENT_WIZARD 6665 6748 -298 -146 0
4 SNAFFLE 4694 6150 0 0 0
5 SNAFFLE 11306 1350 0 0 0
6 SNAFFLE 11593 805 188 13 0
7 SNAFFLE 4662 7067 -248 2 0
8 SNAFFLE 11375 1829 339 -5 0
9 SNAFFLE 5260 5373 -440 5 0
10 SNAFFLE 8000 3750 0 0 0
11 BLUDGER 4591 765 603 -62 -1
12 BLUDGER 11769 6416 -594 55 -1
M 8000 3750 150
M 11306 1350 150
046
177
Standard Error Stream:
M 8000 3750 135
M 5260 5373 135
047
177
Standard Error Stream:
0 23
0 23
13
0 WIZARD 8688 2955 21 284 0
1 WIZARD 10571 1476 391 129 0
2 OPPONENT_WIZARD 7507 4703 -112 -227 0
3 OPPONENT_WIZARD 6271 6508 -296 -180 0
4 SNAFFLE 4694 6150 0 0 0
5 SNAFFLE 11306 1350 0 0 0
6 SNAFFLE 11781 818 141 10 0
7 SNAFFLE 4414 7069 -186 2 0
8 SNAFFLE 11714 1824 254 -4 0
9 SNAFFLE 4820 5378 -330 4 0
10 SNAFFLE 8000 3750 0 0 0
11 BLUDGER 5308 754 645 -10 -1
12 BLUDGER 11057 6430 -641 13 -1
M 8000 3750 150
M 11306 1350 150
048
177
Standard Error Stream:
M 8000 3750 135
M 4694 6150 135
049
177
Standard Error Stream:
0 24
0 24
13
0 WIZARD 8611 3352 -58 298 0
1 WIZARD 11110 1580 404 78 1
2 OPPONENT_WIZARD 7457 4356 -37 -260 0
3 OPPONENT_WIZARD 5843 6298 -321 -157 0
4 SNAFFLE 4694 6150 0 0 0
5 SNAFFLE 11110 1580 404 78 1
6 SNAFFLE 11922 828 106 8 0
7 SNAFFLE 4228 7071 -140 2 0
8 SNAFFLE 11968 1820 191 -3 0
9 SNAFFLE 4490 5382 -248 3 0
10 SNAFFLE 8000 3750 0 0 0
11 BLUDGER 6058 812 675 52 -1
12 BLUDGER 10304 6388 -678 -38 -1
M 8000 3750 150
T 11120 1577 500
050
177
Standard Error Stream:
M 8000 3750 135
M 4694 6150 135
051
177
Standard Error Stream:
0 25
0 25
13
0 WIZARD 8427 3732 -138 285 0
1 WIZARD 11514 1658 303 59 0
2 OPPONENT_WIZARD 7510 3995 40 -270 0
3 OPPONENT_WIZARD 5388 6124 -341 -131 0
4 SNAFFLE 4694 6150 0 0 0
5 SNAFFLE 12472 1371 1021 -157 0
6 SNAFFLE 12028 836 80 6 0
7 SNAFFLE 4088 7073 -105 2 0
8 SNAFFLE 12159 1817 143 -2 0
9 SNAFFLE 4242 5385 -186 2 0
10 SNAFFLE 8000 3750 0 0 0
11 BLUDGER 6822 952 687 126 -1
12 BLUDGER 9565 6241 -665 -132 -1
M 8000 3750 150
M 12159 1817 150
052
177
Standard Error Stream:
M 8000 3750 135
M 4694 6150 135
053
177
Standard Error Stream:
0 26
0 26
13
0 WIZARD 8513 3979 170 173 1
1 WIZARD 11963 1753 336 71 0
2 OPPONENT_WIZARD 7297 3709 -265 -202 0
3 OPPONENT_WIZARD 4912 5998 -357 -94 1
4 SNAFFLE 4912 5998 -357 -94 1
5 SNAFFLE 13493 1214 766 -118 0
6 SNAFFLE 12108 842 60 5 0
7 SNAFFLE 3983 7075 -79 2 0
8 SNAFFLE 12302 1815 107 -2 0
9 SNAFFLE 4056 5387 -140 2 0
10 SNAFFLE 8513 3979 170 173 1
11 BLUDGER 7537 1200 643 223 -1
12 BLUDGER 8848 5995 -645 -221 -1
T 9498 3806 500
M 12302 1815 150
054
177
Standard Error Stream:
M 8513 3979 135
T 3917 5896 500
055
177
Standard Error Stream:
0 27
0 27
13
0 WIZARD 8683 4152 128 130 0
1 WIZARD 12447 1851 363 73 1
2 OPPONENT_WIZARD 7164 3536 -100 -130 0
3 OPPONENT_WIZARD 4555 5904 -268 -71 0
4 SNAFFLE 3560 5802 -1014 -147 0
5 SNAFFLE 14259 1096 575 -89 0
6 SNAFFLE 12168 847 45 4 0
7 SNAFFLE 3904 7077 -59 2 0
8 SNAFFLE 12447 1851 363 73 1
9 SNAFFLE 3916 5389 -105 2 0
10 SNAFFLE 9668 3979 866 0 0
11 BLUDGER 8168 1547 568 313 -1
12 BLUDGER 8183 5651 -599 -310 -1
M 9668 3979 150
T 13445 1916 500
056
177
Standard Error Stream:
M 9668 3979 135
M 3916 5389 135
057
177
Standard Error Stream:
0 28
0 28
13
0 WIZARD 8959 4256 207 78 0
1 WIZARD 12810 1924 272 55 0
2 OPPONENT_WIZARD 7197 3430 25 -80 0
3 OPPONENT_WIZARD 4182 5748 -280 -117 0
4 SNAFFLE 2546 5655 -761 -110 0
5 SNAFFLE 14834 1007 431 -67 0
6 SNAFFLE 12213 851 34 3 0
7 SNAFFLE 3845 7079 -44 2 0
8 SNAFFLE 13808 1989 1021 103 0
9 SNAFFLE 3811 5391 -79 2 0
10 SNAFFLE 10534 3979 650 0 0
11 BLUDGER 8680 1972 461 382 -1
12 BLUDGER 7624 5222 -504 -386 -1
M 10534 3979 150
M 13808 1989 150
058
177
Standard Error Stream:
M 7307 3532 135
M 3811 5391 135
059
177
Standard Error Stream:
0 29
0 29
13
0 WIZARD 9314 4308 266 39 0
1 WIZARD 13232 1989 316 49 0
2 OPPONENT_WIZARD 7321 3442 93 9 0
3 OPPONENT_WIZARD 3805 5537 -283 -158 1
4 SNAFFLE 1785 5545 -571 -83 0
5 SNAFFLE 15265 940 323 -50 0
6 SNAFFLE 12247 854 26 2 0
7 SNAFFLE 3801 7081 -33 2 0
8 SNAFFLE 14829 2092 766 77 0
9 SNAFFLE 3805 5537 -283 -158 1
10 SNAFFLE 11184 3979 488 0 0
11 BLUDGER 9052 2442 335 423 -1
12 BLUDGER 7221 4763 -362 -413 -1
M 11184 3979 150
M 12247 854 150
060
177
Standard Error Stream:
M 7469 3466 135
T 2808 5612 500
061
177
Standard Error Stream:
0 30
0 30
13
0 WIZARD 9728 4321 310 10 0
1 WIZARD 13450 1925 163 -48 0
2 OPPONENT_WIZARD 7547 3473 170 23 0
3 OPPONENT_WIZARD 3522 5379 -212 -119 0
4 SNAFFLE 1214 5462 -428 -62 0
5 SNAFFLE 15588 890 242 -38 0
6 SNAFFLE 12273 856 20 2 0
7 SNAFFLE 3768 7083 -25 2 0
8 SNAFFLE 15595 2169 575 58 0
9 SNAFFLE 2525 5454 -960 -62 0
10 SNAFFLE 11672 3979 366 0 0
11 BLUDGER 9404 2989 317 492 -1
12 BLUDGER 6868 4225 -317 -484 -1
M 11672 3979 150
M 12273 856 150
062
177
Standard Error Stream:
M 11672 3979 135
M 2525 5454 135
063
177
Standard Error Stream:
1 31
0 31
12
0 WIZARD 10186 4305 343 -12 0
1 WIZARD 13502 1776 39 -112 0
2 OPPONENT_WIZARD 7851 3512 228 30 0
3 OPPONENT_WIZARD 3175 5270 -260 -82 0
4 SNAFFLE 786 5400 -321 -47 0
5 SNAFFLE 15830 852 182 -29 0
6 SNAFFLE 12293 858 15 2 0
7 SNAFFLE 3743 7085 -19 2 0
9 SNAFFLE 1565 5392 -720 -47 0
10 SNAFFLE 12038 3979 275 0 0
11 BLUDGER 9751 3602 312 552 -1
12 BLUDGER 6635 3648 -210 -519 -1
M 12038 3979 150
M 13355 1806 150
064
177
Standard Error Stream:
M 12293 858 135
M 1565 5392 135
065
177
Standard Error Stream:
1 32
0 32
12
0 WIZARD 10889 4414 700 201 0
1 WIZARD 13394 1694 -81 -62 0
2 OPPONENT_WIZARD 8195 3473 258 -29 0
3 OPPONENT_WIZARD 2780 5198 -296 -54 0
4 SNAFFLE 465 5353 -241 -35 0
5 SNAFFLE 15688 823 -137 -22 0
6 SNAFFLE 12308 860 11 2 0
7 SNAFFLE 3724 7087 -14 2 0
9 SNAFFLE 845 5345 -540 -35 0
10 SNAFFLE 12313 3979 206 0 0
11 BLUDGER 10102 4242 290 558 0
12 BLUDGER 6549 3115 -77 -480 -1
M 12313 3979 150
M 13275 1603 150
066
177
Standard Error Stream:
M 12313 3979 135
M 845 5345 135
067
177
Standard Error Stream:
1 33
0 33
12
0 WIZARD 11732 4571 633 118 0
1 WIZARD 13194 1541 -150 -115 0
2 OPPONENT_WIZARD 8587 3460 294 -9 0
3 OPPONENT_WIZARD 2349 5154 -323 -33 0
4 SNAFFLE 20 5198 -329 -297 0
5 SNAFFLE 15551 801 -103 -17 0
6 SNAFFLE 12319 862 8 2 0
7 SNAFFLE 3710 7089 -11 2 0
9 SNAFFLE 561 5303 -143 -33 0
10 SNAFFLE 12519 3979 155 0 0
11 BLUDGER 10276 4753 157 460 0
12 BLUDGER 6594 2662 41 -408 -1
M 12519 3979 150
M 13214 1392 150
068
177
Standard Error Stream:
M 12519 3979 135
M 561 5303 135
069
177
Standard Error Stream:
1 34
1 34
11
0 WIZARD 12485 4599 565 21 0
1 WIZARD 13064 1277 -98 -198 0
2 OPPONENT_WIZARD 9015 3469 321 6 0
3 OPPONENT_WIZARD 1891 5132 -343 -16 0
5 SNAFFLE 15448 784 -77 -13 0
6 SNAFFLE 12327 864 6 2 0
7 SNAFFLE 3699 7091 -8 2 0
9 SNAFFLE 418 5270 -107 -25 0
10 SNAFFLE 12674 3979 116 0 0
11 BLUDGER 10334 5137 52 346 0
12 BLUDGER 6751 2300 141 -325 -1
M 12674 3979 150
M 12327 864 150
070
177
Standard Error Stream:
M 12674 3979 135
M 418 5270 135
071
177
Standard Error Stream:
1 35
1 35
11
0 WIZARD 13094 4477 457 -92 0
1 WIZARD 12835 1006 -172 -203 0
2 OPPONENT_WIZARD 9470 3494 341 18 0
3 OPPONENT_WIZARD 1414 5129 -358 -3 0
5 SNAFFLE 15371 771 -58 -10 0
6 SNAFFLE 12333 866 5 2 0
7 SNAFFLE 3691 7093 -6 2 0
9 SNAFFLE 311 5245 -80 -19 0
10 SNAFFLE 12790 3979 87 0 0
11 BLUDGER 10308 5385 -23 223 0
12 BLUDGER 7003 2032 227 -241 -1
M 12790 3979 150
M 12333 866 150
072
177
Standard Error Stream:
M 12790 3979 135
M 311 5245 135
073
177
Standard Error Stream:
1 36
1 36
11
0 WIZARD 13473 4257 284 -165 0
1 WIZARD 12519 763 -237 -182 1
2 OPPONENT_WIZARD 9945 3532 356 28 0
3 OPPONENT_WIZARD 922 5140 -369 8 0
5 SNAFFLE 15313 761 -44 -8 0
6 SNAFFLE 12519 763 -237 -182 1
7 SNAFFLE 3685 7095 -5 2 0
9 SNAFFLE 231 5226 -60 -14 0
10 SNAFFLE 12877 3979 65 0 0
11 BLUDGER 10234 5494 -66 98 0
12 BLUDGER 7338 1855 301 -160 -1
M 12877 3979 150
T 12529 760 500
074
177
Standard Error Stream:
M 12877 3979 135
M 231 5226 135
075
177
Standard Error Stream:
1 37
1 37
11
0 WIZARD 13621 4029 111 -171 0
1 WIZARD 12282 581 -178 -137 0
2 OPPONENT_WIZARD 10434 3580 367 36 0
3 OPPONENT_WIZARD 419 5165 -377 19 1
5 SNAFFLE 15269 753 -33 -6 0
6 SNAFFLE 13240 294 541 -352 0
7 SNAFFLE 3680 7097 -4 2 0
9 SNAFFLE 419 5165 -377 19 1
10 SNAFFLE 12942 3979 49 0 0
11 BLUDGER 10150 5468 -76 -23 0
12 BLUDGER 7744 1763 366 -83 -1
M 12942 3979 150
M 13240 294 150
076
177
Standard Error Stream:
M 13240 294 135
T -581 5146 500
077
177
Standard Error Stream:
1 38
2 38
10
0 WIZARD 13582 3847 -29 -137 0
1 WIZARD 12248 401 -26 -135 0
2 OPPONENT_WIZARD 10889 3513 341 -50 0
3 OPPONENT_WIZARD 758 5184 283 14 0
5 SNAFFLE 15236 747 -25 -5 0
6 SNAFFLE 13781 358 406 264 0
7 SNAFFLE 3676 7099 -3 2 0
10 SNAFFLE 12991 3979 37 0 0
11 BLUDGER 10093 5321 -52 -132 0
12 BLUDGER 8214 1750 423 -12 -1
M 13560 3995 150
M 12316 535 150
078
177
Standard Error Stream:
M 13781 358 135
M 3676 7099 135
079
177
Standard Error Stream:
1 39
2 39
10
0 WIZARD 13531 3858 -38 9 0
1 WIZARD 12290 400 31 1 0
2 OPPONENT_WIZARD 11321 3363 324 -112 0
3 OPPONENT_WIZARD 1154 5272 297 66 0
5 SNAFFLE 15211 742 -19 -4 0
6 SNAFFLE 14187 622 305 198 0
7 SNAFFLE 3673 7101 -2 2 0
10 SNAFFLE 13028 3979 28 0 0
11 BLUDGER 10091 5075 -1 -222 0
12 BLUDGER 8741 1807 475 51 -1
M 13385 3893 150
M 12439 420 150
080
177
Standard Error Stream:
M 14187 622 135
M 3673 7101 135
081
177
Standard Error Stream:
1 40
2 40
10
0 WIZARD 13347 3902 -138 33 1
1 WIZARD 12470 421 135 16 0
2 OPPONENT_WIZARD 11743 3158 316 -154 0
3 OPPONENT_WIZARD 1560 5417 305 109 0
5 SNAFFLE 15192 738 -14 -3 0
6 SNAFFLE 14492 820 229 149 0
7 SNAFFLE 3671 7103 -2 2 0
10 SNAFFLE 13347 3902 -138 33 1
11 BLUDGER 10163 4751 65 -291 0
12 BLUDGER 9323 1923 524 104 -1
T 14346 3869 500
M 12615 460 150
082
177
Standard Error Stream:
M 14492 820 135
M 3671 7103 135
083
177
Standard Error Stream:
1 41
2 41
10
0 WIZARD 13209 3935 -104 25 0
1 WIZARD 12750 476 210 41 0
2 OPPONENT_WIZARD 12162 2917 314 -181 0
3 OPPONENT_WIZARD 1970 5610 308 145 0
5 SNAFFLE 15178 735 -11 -2 0
6 SNAFFLE 14721 969 172 112 0
7 SNAFFLE 3669 7105 -2 2 0
10 SNAFFLE 14208 3902 646 0 0
11 BLUDGER 10316 4371 138 -342 0
12 BLUDGER 9958 2084 572 145 -1
M 13357 3909 150
M 14721 969 150
084
177
Standard Error Stream:
M 14721 969 135
M 3669 7105 135
085
177
Standard Error Stream:
1 42
2 42
10
0 WIZARD 13253 3934 33 -1 0
1 WIZARD 13106 553 267 58 0
2 OPPONENT_WIZARD 12583 2654 316 -197 0
3 OPPONENT_WIZARD 2379 5844 307 176 0
5 SNAFFLE 15167 733 -8 -2 0
6 SNAFFLE 14893 1081 129 84 0
7 SNAFFLE 3667 7107 -2 2 0
10 SNAFFLE 14854 3902 485 0 0
11 BLUDGER 10552 3952 213 -377 0
12 BLUDGER 10647 2273 620 170 -1
M 13403 3931 150
M 14893 1081 150
086
177
Standard Error Stream:
M 14893 1081 135
M 3667 7107 135
087
177
Standard Error Stream:
1 43
2 43
10
0 WIZARD 13436 3930 137 -3 0
1 WIZARD 13517 654 308 75 0
2 OPPONENT_WIZARD 13011 2381 321 -205 0
3 OPPONENT_WIZARD 2782 6115 303 203 0
5 SNAFFLE 15159 731 -6 -2 0
6 SNAFFLE 15022 1165 97 63 0
7 SNAFFLE 3665 7109 -2 2 0
10 SNAFFLE 15339 3902 364 0 0
11 BLUDGER 10870 3508 286 -400 0
12 BLUDGER 11390 2467 668 175 -1
M 13586 3929 150
M 15022 1165 150
088
177
Standard Error Stream:
M 15022 1165 135
M 3665 7109 135
089
177
Standard Error Stream:
1 44
2 44
10
0 WIZARD 13723 3926 215 -3 0
1 WIZARD 13967 777 338 92 0
2 OPPONENT_WIZARD 13448 2106 327 -206 0
3 OPPONENT_WIZARD 3175 6419 294 228 0
5 SNAFFLE 15153 729 -5 -2 0
6 SNAFFLE 15119 1228 73 47 0
7 SNAFFLE 3663 7111 -2 2 0
10 SNAFFLE 15703 3902 273 0 0
11 BLUDGER 11267 3050 357 -412 0
12 BLUDGER 12183 2635 714 152 -1
M 13868 3965 150
M 15153 729 150
090
177
Standard Error Stream:
M 15119 1228 135
M 3663 7111 135
091
177
Standard Error Stream:
1 45
2 45
10
0 WIZARD 14083 3962 270 27 0
1 WIZARD 14455 863 366 64 0
2 OPPONENT_WIZARD 13895 1837 335 -202 0
3 OPPONENT_WIZARD 3547 6757 279 254 1
5 SNAFFLE 15148 727 -4 -2 0
6 SNAFFLE 15192 1275 55 35 0
7 SNAFFLE 3547 6757 279 254 1
10 SNAFFLE 15976 3902 205 0 0
11 BLUDGER 11739 2588 425 -415 0
12 BLUDGER 13012 2739 746 93 -1
M 15976 3902 150
M 15148 727 150
092
177
Standard Error Stream:
M 15192 1275 135
T 2683 6254 500
093
177
Standard Error Stream:
2 46
2 46
9
0 WIZARD 14503 3984 315 17 0
1 WIZARD 14968 898 385 26 1
2 OPPONENT_WIZARD 14354 1581 344 -192 0
3 OPPONENT_WIZARD 3826 7011 209 191 0
5 SNAFFLE 14968 898 385 26 1
6 SNAFFLE 15247 1310 41 26 0
7 SNAFFLE 2962 6508 -439 -187 0
11 BLUDGER 12282 2132 489 -411 0
12 BLUDGER 13845 2743 750 3 -1
M 15247 1310 150
T 14974 906 500
094
177
Standard Error Stream:
M 14968 898 135
M 2962 6508 135
095
177
Standard Error Stream:
2 47
2 47
9
0 WIZARD 14858 3856 266 -96 0
1 WIZARD 15454 832 428 -107 0
2 OPPONENT_WIZARD 14687 1381 187 -93 0
3 OPPONENT_WIZARD 3918 7066 69 -92 0
5 SNAFFLE 15591 880 412 -144 0
6 SNAFFLE 15650 2180 358 783 0
7 SNAFFLE 2523 6321 -329 -140 0
11 BLUDGER 12892 1689 549 -399 0
12 BLUDGER 14645 2632 720 -100 -1
M 15650 2180 150
M 15591 880 150
096
177
Standard Error Stream:
M 15591 880 135
M 3778 7120 135
097
177
Standard Error Stream:
3 48
2 48
8
0 WIZARD 15188 3624 248 -174 0
1 WIZARD 15471 540 11 -392 0
2 OPPONENT_WIZARD 14698 1457 -209 230 0
3 OPPONENT_WIZARD 3861 7023 -43 -33 0
5 SNAFFLE 15697 736 -309 -108 0
7 SNAFFLE 2194 6181 -247 -105 0
11 BLUDGER 13564 1269 605 -378 0
12 BLUDGER 15386 2655 667 21 -1
M 2194 6181 150
M 15697 736 150
098
177
Standard Error Stream:
M 15697 736 135
M 3723 6965 135
099
177
Standard Error Stream:
3 49
2 49
8
0 WIZARD 15289 3479 76 -109 0
1 WIZARD 15595 554 93 220 1
2 OPPONENT_WIZARD 14598 1608 -75 113 0
3 OPPONENT_WIZARD 3694 6938 -126 -64 0
5 SNAFFLE 15595 554 93 220 1
7 SNAFFLE 1947 6076 -185 -79 0
11 BLUDGER 14292 911 655 -322 0
12 BLUDGER 15572 2798 -578 129 -1
M 15191 3592 150
T 15601 546 500
100
177
Standard Error Stream:
M 14683 1484 135
M 3559 6873 135
101
177
Standard Error Stream:
3 50
2 50
8
0 WIZARD 15226 3835 -64 411 0
1 WIZARD 15599 787 1357 475 0
2 OPPONENT_WIZARD 14599 1610 1 1 0
3 OPPONENT_WIZARD 3446 6815 -186 -92 0
5 SNAFFLE 15412 326 -520 435 0
7 SNAFFLE 1762 5997 -139 -59 0
11 BLUDGER 14972 702 130 -233 1
12 BLUDGER 14951 2998 -556 159 0
M 1762 5997 150
M 15412 326 150
102
177
Standard Error Stream:
M 14678 1483 135
M 1762 5997 135
103
177
Standard Error Stream:
3 51
2 51
8
0 WIZARD 15014 4270 -159 326 0
1 WIZARD 15154 1313 -480 -110 0
2 OPPONENT_WIZARD 14385 1592 -562 121 0
3 OPPONENT_WIZARD 3139 6664 -231 -113 0
5 SNAFFLE 15360 577 197 95 0
7 SNAFFLE 1623 5938 -104 -44 0
11 BLUDGER 14676 524 -303 -159 1
12 BLUDGER 14364 3036 -528 34 0
M 1623 5938 150
M 15360 577 150
104
177
Standard Error Stream:
M 15360 577 135
M 1623 5938 135
105
177
Standard Error Stream:
3 52
2 52
8
0 WIZARD 14706 4615 -231 258 0
1 WIZARD 14714 1059 -330 -191 0
2 OPPONENT_WIZARD 13917 1616 -351 18 0
3 OPPONENT_WIZARD 2786 6493 -265 -128 0
5 SNAFFLE 15557 672 148 71 0
7 SNAFFLE 1519 5894 -78 -33 0
11 BLUDGER 14340 486 -302 -35 1
12 BLUDGER 13838 2945 -474 -82 0
M 1519 5894 150
M 15557 672 150
106
177
Standard Error Stream:
M 15557 672 135
M 1519 5894 135
107
177
Standard Error Stream:
3 53
2 53
8
0 WIZARD 14326 4887 -285 204 0
1 WIZARD 14585 860 -37 -98 0
2 OPPONENT_WIZARD 13683 1567 -175 -37 0
3 OPPONENT_WIZARD 2399 6307 -290 -139 0
5 SNAFFLE 15705 743 111 53 0
7 SNAFFLE 1441 5861 -59 -25 0
11 BLUDGER 13986 561 -328 60 1
12 BLUDGER 13371 2738 -420 -186 0
M 1441 5861 150
M 14706 949 150
108
177
Standard Error Stream:
M 15705 743 135
M 1441 5861 135
109
177
Standard Error Stream:
3 54
2 54
8
0 WIZARD 13891 5102 -326 161 0
1 WIZARD 14669 851 63 -7 0
2 OPPONENT_WIZARD 13633 1479 -37 -66 0
3 OPPONENT_WIZARD 1987 6111 -309 -147 0
5 SNAFFLE 15816 796 83 40 0
7 SNAFFLE 1382 5836 -44 -19 0
11 BLUDGER 13622 741 -328 162 1
12 BLUDGER 12983 2431 -349 -276 0
M 1382 5836 150
M 14819 848 150
110
177
Standard Error Stream:
M 13780 1511 135
M 1382 5836 135
111
177
Standard Error Stream:
3 55
2 55
8
0 WIZARD 13415 5272 -357 127 0
1 WIZARD 14882 841 160 -7 0
2 OPPONENT_WIZARD 13758 1499 134 91 0
3 OPPONENT_WIZARD 1555 5908 -324 -152 1
5 SNAFFLE 15801 836 -62 30 0
7 SNAFFLE 1555 5908 -324 -152 1
11 BLUDGER 13292 1021 -303 240 2
12 BLUDGER 12704 2052 -251 -341 0
M 1555 5908 150
M 15801 836 150
112
177
Standard Error Stream:
M 15801 836 135
T 629 5531 500
113
177
Standard Error Stream:
3 56
2 56
8
0 WIZARD 12908 5407 -380 101 0
1 WIZARD 15192 833 232 -6 0
2 OPPONENT_WIZARD 14020 1548 197 37 0
3 OPPONENT_WIZARD 1231 5756 -243 -114 0
5 SNAFFLE 15739 866 -47 23 0
7 SNAFFLE 305 5379 -938 -397 0
11 BLUDGER 13113 1247 -161 203 2
12 BLUDGER 12564 1653 -126 -359 0
M 305 5379 150
M 15739 866 150
114
177
Standard Error Stream:
M 15739 866 135
M 305 5379 135
115
177
Standard Error Stream:
3 57
3 57
7
0 WIZARD 12378 5508 -397 76 0
1 WIZARD 15574 836 286 2 1
2 OPPONENT_WIZARD 14342 1535 242 -10 0
3 OPPONENT_WIZARD 863 5591 -276 -124 0
5 SNAFFLE 15574 836 286 2 1
11 BLUDGER 13075 1426 -35 161 2
12 BLUDGER 12563 1285 -1 -331 0
M 15574 836 150
T 15252 1783 500
116
177
Standard Error Stream:
M 15574 836 135
M 15574 836 135
117
177
Standard Error Stream:
3 58
3 58
7
0 WIZARD 12066 5460 -234 -36 0
1 WIZARD 15340 838 -215 2 0
2 OPPONENT_WIZARD 14701 1458 270 -57 0
3 OPPONENT_WIZARD 715 5425 -111 -124 0
5 SNAFFLE 15538 1785 -27 712 0
11 BLUDGER 13162 1558 78 119 2
12 BLUDGER 12686 971 111 -282 0
M 15538 1785 150
M 15538 1785 150
118
177
Standard Error Stream:
M 15538 1785 135
M 15538 1785 135
119
177
Standard Error Stream:
3 59
3 59
7
0 WIZARD 11935 5315 -98 -109 0
1 WIZARD 15436 678 117 -169 0
2 OPPONENT_WIZARD 14816 1759 42 275 0
3 OPPONENT_WIZARD 735 5269 15 -117 0
5 SNAFFLE 15511 2497 -20 534 0
11 BLUDGER 13359 1638 177 72 2
12 BLUDGER 12919 718 209 -227 0
M 12052 5409 150
M 15511 2497 150
120
177
Standard Error Stream:
M 15511 2497 135
M 854 5361 135
121
177
Standard Error Stream:
3 60
3 60
7
0 WIZARD 11954 5300 14 -11 0
1 WIZARD 15559 659 92 -14 0
2 OPPONENT_WIZARD 14951 2132 101 280 0
3 OPPONENT_WIZARD 857 5235 91 -26 0
5 SNAFFLE 15491 3031 -15 401 0
11 BLUDGER 13649 1658 261 18 2
12 BLUDGER 13238 551 287 -150 0
M 12081 5220 150
M 15464 775 150
122
177
Standard Error Stream:
M 15491 3031 135
M 1007 5225 135
123
177
Standard Error Stream:
3 61
3 61
7
0 WIZARD 12095 5209 106 -68 0
1 WIZARD 15556 761 -2 77 0
2 OPPONENT_WIZARD 15122 2528 128 297 0
3 OPPONENT_WIZARD 1083 5200 169 -26 0
5 SNAFFLE 15476 3432 -11 301 0
11 BLUDGER 14021 1618 335 -36 2
12 BLUDGER 13650 407 371 -130 0
M 12232 5149 150
M 15551 911 150
124
177
Standard Error Stream:
M 15476 3432 135
M 15476 3432 135
125
177
Standard Error Stream:
3 62
3 62
7
0 WIZARD 12338 5081 183 -96 0
1 WIZARD 15549 988 -5 170 0
2 OPPONENT_WIZARD 15299 2951 133 317 0
3 OPPONENT_WIZARD 1386 5158 227 -32 0
5 SNAFFLE 15465 3733 -8 226 0
11 BLUDGER 14465 1521 400 -87 2
12 BLUDGER 14144 300 445 -96 0
M 15465 3733 150
M 15518 1135 150
126
177
Standard Error Stream:
M 15465 3733 135
M 15465 3733 135
127
177
Standard Error Stream:
3 63
3 63
7
0 WIZARD 12659 4926 241 -117 0
1 WIZARD 15576 1133 368 -813 0
2 OPPONENT_WIZARD 15460 3400 121 337 0
3 OPPONENT_WIZARD 1747 5112 271 -34 0
5 SNAFFLE 15457 3959 -6 170 0
11 BLUDGER 14955 1385 298 -84 1
12 BLUDGER 14701 259 502 -37 0
M 15457 3959 150
M 15457 3959 150
128
177
Standard Error Stream:
M 15457 3959 135
M 15457 3959 135
129
177
Standard Error Stream:
3 64
3 64
7
0 WIZARD 13042 4760 287 -124 0
1 WIZARD 15515 814 365 809 0
2 OPPONENT_WIZARD 15580 3872 90 354 1
3 OPPONENT_WIZARD 2153 5067 304 -34 0
5 SNAFFLE 15580 3872 90 354 1
11 BLUDGER 15238 1479 108 265 1
12 BLUDGER 15214 211 249 -381 1
M 15580 3872 150
M 15580 3872 150
130
177
Standard Error Stream:
T 15580 3882 500
M 15580 3872 135
131
177
Standard Error Stream:
3 65
3 65
7
0 WIZARD 13471 4586 321 -130 0
1 WIZARD 15388 1131 -209 482 0
2 OPPONENT_WIZARD 15530 4226 -68 266 0
3 OPPONENT_WIZARD 2591 5021 329 -34 0
5 SNAFFLE 15670 5226 68 1016 0
11 BLUDGER 15300 1971 35 477 1
12 BLUDGER 15474 423 230 140 1
M 15670 5226 150
M 15670 5226 150
132
177
Standard Error Stream:
M 15670 5226 135
M 15670 5226 135
133
177
Standard Error Stream:
3 66
3 66
7
0 WIZARD 13936 4498 349 -66 0
1 WIZARD 15189 1763 -149 474 0
2 OPPONENT_WIZARD 15481 4626 -37 300 0
3 OPPONENT_WIZARD 3055 4989 348 -24 0
5 SNAFFLE 14872 5366 -761 -60 0
11 BLUDGER 15348 2572 43 541 1
12 BLUDGER 15706 688 209 238 1
M 14872 5366 150
M 14872 5366 150
134
177
Standard Error Stream:
M 14872 5366 135
M 14872 5366 135
135
177
Standard Error Stream:
3 67
3 67
7
0 WIZARD 14395 4534 344 27 0
1 WIZARD 15027 2386 -122 468 0
2 OPPONENT_WIZARD 15358 5030 -92 303 0
3 OPPONENT_WIZARD 3538 4969 362 -15 0
5 SNAFFLE 14111 5306 -571 -45 0
11 BLUDGER 15399 3238 46 599 1
12 BLUDGER 15692 1051 -182 327 1
M 14111 5306 150
M 14111 5306 150
136
177
Standard Error Stream:
M 14111 5306 135
M 14111 5306 135
137
177
Standard Error Stream:
3 68
3 68
7
0 WIZARD 14686 4699 143 15 0
1 WIZARD 14860 2997 -125 458 0
2 OPPONENT_WIZARD 15136 5365 -91 360 0
3 OPPONENT_WIZARD 4035 4958 373 -8 0
5 SNAFFLE 13540 5261 -428 -34 0
11 BLUDGER 15368 3936 -27 628 1
12 BLUDGER 15466 1495 -203 400 1
M 14536 4687 150
M 13540 5261 150
138
177
Standard Error Stream:
M 13540 5261 135
M 13540 5261 135
139
177
Standard Error Stream:
3 69
3 69
7
0 WIZARD 14637 4710 -320 65 0
1 WIZARD 14659 3585 -150 441 0
2 OPPONENT_WIZARD 14910 5716 -169 263 0
3 OPPONENT_WIZARD 4543 4954 381 -3 0
5 SNAFFLE 13112 5227 -321 -26 0
11 BLUDGER 15263 4656 -52 640 0
12 BLUDGER 15233 2016 -209 469 1
M 13112 5227 150
M 13112 5227 150
140
177
Standard Error Stream:
M 13112 5227 135
M 13112 5227 135
141
177
Standard Error Stream:
3 70
3 70
7
0 WIZARD 14157 4898 -413 359 0
1 WIZARD 14424 4060 -123 139 0
2 OPPONENT_WIZARD 14611 5944 -224 171 0
3 OPPONENT_WIZARD 5059 4955 387 1 0
5 SNAFFLE 12791 5201 -241 -20 0
11 BLUDGER 15172 5415 -82 683 0
12 BLUDGER 14997 2607 -212 532 1
M 12791 5201 150
M 12791 5201 150
142
177
Standard Error Stream:
M 12791 5201 135
M 12791 5201 135
143
177
Standard Error Stream:
3 71
3 71
7
0 WIZARD 13598 5289 -420 294 0
1 WIZARD 14178 4285 -184 169 0
2 OPPONENT_WIZARD 14262 6064 -262 90 0
3 OPPONENT_WIZARD 5581 4960 391 4 0
5 SNAFFLE 12550 5181 -181 -15 0
11 BLUDGER 14999 6184 -156 692 0
12 BLUDGER 14742 3256 -230 584 1
M 12550 5181 150
M 12550 5181 150
144
177
Standard Error Stream:
M 12550 5181 135
M 12550 5181 135
145
177
Standard Error Stream:
3 72
3 72
7
0 WIZARD 13029 5568 -427 209 0
1 WIZARD 13863 4526 -237 181 0
2 OPPONENT_WIZARD 13880 6092 -286 21 0
3 OPPONENT_WIZARD 6107 4968 394 6 0
5 SNAFFLE 12369 5166 -136 -11 0
11 BLUDGER 14720 6856 -251 605 0
12 BLUDGER 14451 3949 -262 624 1
M 12369 5166 150
M 12369 5166 150
146
177
Standard Error Stream:
M 12369 5166 135
M 12369 5166 135
147
177
Standard Error Stream:
3 73
3 73
7
0 WIZARD 12474 5699 -416 98 0
1 WIZARD 13488 4766 -281 180 0
2 OPPONENT_WIZARD 13479 6042 -301 -37 0
3 OPPONENT_WIZARD 6636 4978 397 8 0
5 SNAFFLE 12233 5155 -102 -8 0
11 BLUDGER 14377 7223 -309 -469 0
12 BLUDGER 14107 4667 -310 646 1
M 12233 5155 150
M 12233 5155 150
148
177
Standard Error Stream:
M 12233 5155 135
M 12233 5155 135
149
177
Standard Error Stream:
3 74
3 74
7
0 WIZARD 11997 5660 -358 -29 0
1 WIZARD 13064 4990 -318 168 0
2 OPPONENT_WIZARD 13068 5927 -308 -86 0
3 OPPONENT_WIZARD 7168 4990 399 9 0
5 SNAFFLE 12131 5147 -77 -6 0
11 BLUDGER 13992 6654 -346 -512 0
12 BLUDGER 13745 5427 -326 684 1
M 12131 5147 150
M 12131 5147 150
150
177
Standard Error Stream:
M 12131 5147 135
M 12131 5147 135
151
177
Standard Error Stream:
3 75
3 75
7
0 WIZARD 11677 5486 -240 -131 0
1 WIZARD 12591 4956 -358 -128 0
2 OPPONENT_WIZARD 12386 5988 -1187 163 0
3 OPPONENT_WIZARD 7702 5003 400 10 0
5 SNAFFLE 12054 5141 -58 -5 0
11 BLUDGER 13761 6358 182 271 0
12 BLUDGER 13140 5891 -833 -122 2
M 12054 5141 150
M 12054 5141 150
152
177
Standard Error Stream:
M 12054 5141 135
M 7716 5152 135
153
177
Standard Error Stream:
3 76
3 76
7
0 WIZARD 11105 4865 -465 -498 0
1 WIZARD 12091 4877 -375 -59 1
2 OPPONENT_WIZARD 11592 6414 -559 351 0
3 OPPONENT_WIZARD 8115 5147 309 108 0
5 SNAFFLE 12091 4877 -375 -59 1
11 BLUDGER 13822 6597 55 215 0
12 BLUDGER 12244 5661 -807 -207 2
M 12091 4877 150
T 13089 4936 500
154
177
Standard Error Stream:
M 12091 4877 135
M 12091 4877 135
155
177
Standard Error Stream:
3 77
3 77
7
0 WIZARD 10790 4369 -236 -372 0
1 WIZARD 11724 4800 -234 -150 0
2 OPPONENT_WIZARD 11075 6637 -388 167 0
3 OPPONENT_WIZARD 8559 5246 333 74 0
5 SNAFFLE 12714 4877 467 0 0
11 BLUDGER 13752 6802 -63 184 0
12 BLUDGER 11412 5334 -755 -281 1
M 12714 4877 150
M 12714 4877 150
156
177
Standard Error Stream:
M 12714 4877 135
M 12714 4877 135
157
177
Standard Error Stream:
3 78
3 78
7
0 WIZARD 10699 4035 -68 -250 0
1 WIZARD 11640 4662 -63 -104 0
2 OPPONENT_WIZARD 10779 6705 -222 51 0
3 OPPONENT_WIZARD 9026 5308 351 47 0
5 SNAFFLE 13181 4877 350 0 0
11 BLUDGER 13564 6978 -169 159 0
12 BLUDGER 10589 4948 -740 -347 1
M 13181 4877 150
M 11743 4772 150
158
177
Standard Error Stream:
M 13181 4877 135
M 13181 4877 135
159
177
Standard Error Stream:
3 79
3 79
7
0 WIZARD 10773 3833 56 -151 0
1 WIZARD 11680 4667 30 4 0
2 OPPONENT_WIZARD 10664 6674 -86 -23 0
3 OPPONENT_WIZARD 9511 5341 364 25 0
5 SNAFFLE 13531 4877 263 0 0
11 BLUDGER 13271 7125 -264 132 0
12 BLUDGER 9864 4477 -653 -424 1
M 13531 4877 150
M 11829 4683 150
160
177
Standard Error Stream:
M 10813 6657 135
M 13531 4877 135
161
177
Standard Error Stream:
3 80
3 80
7
0 WIZARD 10969 3735 147 -73 0
1 WIZARD 11859 4687 134 15 0
2 OPPONENT_WIZARD 10712 6636 36 -29 0
3 OPPONENT_WIZARD 10009 5351 374 7 0
5 SNAFFLE 13794 4877 197 0 0
11 BLUDGER 12884 7236 -348 100 0
12 BLUDGER 9164 4169 -630 -277 1
M 13794 4877 150
M 12008 4700 150
162
177
Standard Error Stream:
M 10846 6568 135
M 13794 4877 135
163
177
Standard Error Stream:
3 81
3 81
7
0 WIZARD 11255 3718 215 -13 0
1 WIZARD 12142 4715 213 21 0
2 OPPONENT_WIZARD 10868 6546 117 -68 0
3 OPPONENT_WIZARD 10517 5341 381 -7 0
5 SNAFFLE 13991 4877 148 0 0
11 BLUDGER 12416 7297 -422 -60 0
12 BLUDGER 8607 3994 -502 -158 1
M 13991 4877 150
M 13991 4877 150
164
177
Standard Error Stream:
M 11002 6480 135
M 13991 4877 135
165
177
Standard Error Stream:
3 82
3 82
7
0 WIZARD 11608 3764 265 34 0
1 WIZARD 12504 4749 272 26 0
2 OPPONENT_WIZARD 11106 6418 179 -96 0
3 OPPONENT_WIZARD 11032 5316 386 -19 0
5 SNAFFLE 14139 4877 111 0 0
11 BLUDGER 11882 7182 -481 -103 0
12 BLUDGER 8207 3908 -360 -77 1
M 14139 4877 150
M 14139 4877 150
166
177
Standard Error Stream:
M 14139 4877 135
M 14139 4877 135
167
177
Standard Error Stream:
3 83
3 83
7
0 WIZARD 12010 3858 302 71 0
1 WIZARD 12926 4787 316 28 0
2 OPPONENT_WIZARD 11405 6261 225 -118 0
3 OPPONENT_WIZARD 11552 5278 390 -28 0
5 SNAFFLE 14250 4877 83 0 0
11 BLUDGER 11312 6991 -513 -172 0
12 BLUDGER 7959 3887 -223 -19 1
M 14250 4877 150
M 14250 4877 150
168
177
Standard Error Stream:
M 14250 4877 135
M 14250 4877 135
169
177
Standard Error Stream:
3 84
3 84
7
0 WIZARD 12449 3991 329 100 0
1 WIZARD 13392 4825 349 29 0
2 OPPONENT_WIZARD 11751 6084 260 -133 0
3 OPPONENT_WIZARD 12076 5230 393 -36 0
5 SNAFFLE 14333 4877 62 0 0
11 BLUDGER 10815 6695 -447 -266 0
12 BLUDGER 7853 3913 -96 24 1
M 14333 4877 150
M 14333 4877 150
170
177
Standard Error Stream:
M 14333 4877 135
M 14333 4877 135
171
177
Standard Error Stream:
3 85
3 85
7
0 WIZARD 12914 4155 349 123 0
1 WIZARD 13891 4862 374 28 0
2 OPPONENT_WIZARD 12133 5894 287 -143 0
3 OPPONENT_WIZARD 12602 5173 395 -43 0
5 SNAFFLE 14395 4877 47 0 0
11 BLUDGER 10473 6361 -308 -301 0
12 BLUDGER 7876 3974 21 55 1
M 14395 4877 150
M 14395 4877 150
172
177
Standard Error Stream:
M 14395 4877 135
M 14395 4877 135
173
177
Standard Error Stream:
3 86
3 86
7
0 WIZARD 13398 4344 363 142 0
1 WIZARD 14415 4894 393 24 1
2 OPPONENT_WIZARD 12543 5696 308 -149 0
3 OPPONENT_WIZARD 13130 5108 396 -49 0
5 SNAFFLE 14415 4894 393 24 1
11 BLUDGER 10285 6026 -169 -301 0
12 BLUDGER 8011 4080 121 96 1
M 14415 4894 150
T 15415 4870 500
174
177
Standard Error Stream:
M 14415 4894 135
M 14415 4894 135
175
177
Standard Error Stream:
3 87
3 87
7
0 WIZARD 13983 4303 441 -38 0
1 WIZARD 14808 4918 295 18 0
2 OPPONENT_WIZARD 12809 5645 178 -18 0
3 OPPONENT_WIZARD 13735 5140 473 11 0
5 SNAFFLE 15808 4894 1045 0 0
11 BLUDGER 10240 5707 -41 -287 0
12 BLUDGER 8250 4218 215 124 1
M 15808 4894 150
M 15808 4894 150
176
177
Standard Error Stream:
M 15808 4894 135
M 15808 4894 135
177
177
C




2154
2155
2156
2157
2158
2159
2160
2161
2162
2163
2164
2165
2166
2167
2168
2169
2170
2171
2172
2173
2174
2175
2176
2177
2178
2179
2180
2181
2182
2183
2184
2185
2186
2187
2188
2189
  window->background.g = 1.0;
  window->background.b = 1.0;
  window->on_key = on_key;
  gmTick = (startFrame / 2) % gmC;
  if (startLoop)
  {
    loopTick = gmTick;
    loopWidth = startLoop;
  }
  *liveGm = gmsF[gmTick];
  startUp = 0;
  S2D_Show(window);
  S2D_FreeWindow(window);
}
#endif
int main(int argc, char *argv[])
{
  start = clock();
  mkPole(&poles[0], 0, goalY - goalR);
  mkPole(&poles[1], 0, goalY + goalR);
  mkPole(&poles[2], width, goalY - goalR);
  mkPole(&poles[3], width, goalY + goalR);
  if (lcl)
  {
    runLcl();
  }
  else
  {
    battle();
  }
  return 0;
}
PLAYERSOPTIONS
 
IDE CODE
rdragon
N/A
DELETE
IDE CODE
rdragon
N/A
DELETE
Actions
PLAY MY CODE REPLAY IN SAME CONDITIONS  SUBMIT
