337
0 0
0 0
11
0 WIZARD 1000 5250 0 0 0
1 WIZARD 1000 2250 0 0 0
2 OPPONENT_WIZARD 15000 2250 0 0 0
3 OPPONENT_WIZARD 15000 5250 0 0 0
4 SNAFFLE 5598 2860 0 0 0
5 SNAFFLE 10402 4640 0 0 0
6 SNAFFLE 3996 3159 0 0 0
7 SNAFFLE 12004 4341 0 0 0
8 SNAFFLE 8000 3750 0 0 0
9 BLUDGER 7450 3750 0 0 -1
10 BLUDGER 8550 3750 0 0 -1
M 1123 5164 150
M 1144 2294 150
002
337
Standard Error Stream:
M 14877 2336 135
M 14856 5206 135
003
337
Standard Error Stream:
0 1
0 1
11
0 WIZARD 1123 5164 92 -64 0
1 WIZARD 1143 2294 108 33 0
2 OPPONENT_WIZARD 14889 2327 -83 58 0
3 OPPONENT_WIZARD 14871 5211 -97 -30 0
4 SNAFFLE 5598 2860 0 0 0
5 SNAFFLE 10402 4640 0 0 0
6 SNAFFLE 3996 3159 0 0 0
7 SNAFFLE 12004 4341 0 0 0
8 SNAFFLE 8000 3750 0 0 0
9 BLUDGER 7328 3778 -110 25 -1
10 BLUDGER 8672 3722 110 -25 -1
M 1246 5078 150
M 1287 2337 150
004
337
Standard Error Stream:
M 14766 2413 135
M 14727 5168 135
005
337
Standard Error Stream:
0 2
0 2
11
0 WIZARD 1338 5014 161 -112 0
1 WIZARD 1395 2370 189 57 0
2 OPPONENT_WIZARD 14695 2462 -145 102 0
3 OPPONENT_WIZARD 14645 5142 -170 -51 0
4 SNAFFLE 5598 2860 0 0 0
5 SNAFFLE 10402 4640 0 0 0
6 SNAFFLE 3996 3159 0 0 0
7 SNAFFLE 12004 4341 0 0 0
8 SNAFFLE 8000 3750 0 0 0
9 BLUDGER 7096 3830 -209 47 -1
10 BLUDGER 8904 3670 209 -47 -1
M 1439 4903 150
M 1524 2446 150
006
337
Standard Error Stream:
M 14545 2472 135
M 14536 5039 135
007
337
Standard Error Stream:
0 3
0 3
11
0 WIZARD 1600 4791 196 -167 0
1 WIZARD 1713 2503 239 100 0
2 OPPONENT_WIZARD 14415 2573 -210 83 0
3 OPPONENT_WIZARD 14377 4998 -201 -108 0
4 SNAFFLE 5598 2860 0 0 0
5 SNAFFLE 10402 4640 0 0 0
6 SNAFFLE 3996 3159 0 0 0
7 SNAFFLE 12004 4341 0 0 0
8 SNAFFLE 8000 3750 0 0 0
9 BLUDGER 6765 3902 -298 65 -1
10 BLUDGER 9235 3597 298 -65 -1
M 3996 3159 150
M 3996 3159 150
008
337
Standard Error Stream:
M 12004 4341 135
M 12004 4341 135
009
337
Standard Error Stream:
0 4
0 4
11
0 WIZARD 1920 4540 240 -189 0
1 WIZARD 2096 2644 287 106 0
2 OPPONENT_WIZARD 14096 2736 -239 122 0
3 OPPONENT_WIZARD 14046 4854 -248 -108 0
4 SNAFFLE 5598 2860 0 0 0
5 SNAFFLE 10402 4640 0 0 0
6 SNAFFLE 3996 3159 0 0 0
7 SNAFFLE 12004 4341 0 0 0
8 SNAFFLE 8000 3750 0 0 0
9 BLUDGER 6344 3988 -379 78 -1
10 BLUDGER 9656 3508 379 -80 -1
M 3996 3159 150
M 3996 3159 150
010
337
Standard Error Stream:
M 12004 4341 135
M 12004 4341 135
011
337
Standard Error Stream:
0 5
0 5
11
0 WIZARD 2285 4268 274 -204 0
1 WIZARD 2528 2789 324 109 0
2 OPPONENT_WIZARD 13750 2940 -260 153 0
3 OPPONENT_WIZARD 13667 4713 -284 -106 0
4 SNAFFLE 5598 2860 0 0 0
5 SNAFFLE 10402 4640 0 0 0
6 SNAFFLE 3996 3159 0 0 0
7 SNAFFLE 12004 4341 0 0 0
8 SNAFFLE 8000 3750 0 0 0
9 BLUDGER 5846 4028 -448 36 -1
10 BLUDGER 10158 3407 452 -91 -1
M 3996 3159 150
M 3996 3159 150
012
337
Standard Error Stream:
M 12004 4341 135
M 12004 4341 135
013
337
Standard Error Stream:
0 6
0 6
11
0 WIZARD 2685 3982 300 -214 0
1 WIZARD 2997 2935 352 109 0
2 OPPONENT_WIZARD 13385 3177 -274 178 0
3 OPPONENT_WIZARD 13251 4578 -312 -102 0
4 SNAFFLE 5598 2860 0 0 0
5 SNAFFLE 10402 4640 0 0 0
6 SNAFFLE 3996 3159 0 0 0
7 SNAFFLE 12004 4341 0 0 0
8 SNAFFLE 8000 3750 0 0 0
9 BLUDGER 5281 4020 -509 -7 -1
10 BLUDGER 10734 3300 518 -96 -1
M 3996 3159 150
M 3996 3159 150
014
337
Standard Error Stream:
M 12004 4341 135
M 12004 4341 135
015
337
Standard Error Stream:
0 7
0 7
11
0 WIZARD 3075 3760 198 16 0
1 WIZARD 3532 3005 496 -130 0
2 OPPONENT_WIZARD 13008 3442 -283 199 0
3 OPPONENT_WIZARD 12806 4451 -333 -95 0
4 SNAFFLE 5598 2860 0 0 0
5 SNAFFLE 10402 4640 0 0 0
6 SNAFFLE 3996 3159 0 0 0
7 SNAFFLE 12004 4341 0 0 0
8 SNAFFLE 8000 3750 0 0 0
9 BLUDGER 4659 3959 -560 -55 -1
10 BLUDGER 11377 3198 579 -92 -1
M 3996 3159 150
M 3996 3159 150
016
337
Standard Error Stream:
M 12004 4341 135
M 12004 4341 135
017
337
Standard Error Stream:
0 8
0 8
11
0 WIZARD 3399 3694 243 -49 0
1 WIZARD 4170 2922 479 -62 1
2 OPPONENT_WIZARD 12667 3604 -203 -36 0
3 OPPONENT_WIZARD 12297 4465 -435 168 1
4 SNAFFLE 5598 2860 0 0 0
5 SNAFFLE 10402 4640 0 0 0
6 SNAFFLE 4170 2922 479 -62 1
7 SNAFFLE 12297 4465 -435 168 1
8 SNAFFLE 8000 3750 0 0 0
9 BLUDGER 4004 3823 -590 -122 -1
10 BLUDGER 12080 3124 632 -66 -1
M 4170 2922 150
T 16000 3750 500
018
337
Standard Error Stream:
M 12297 4465 135
T 0 3750 500
019
337
Standard Error Stream:
0 9
0 9
11
0 WIZARD 1984 3150 -1086 -413 0
1 WIZARD 4649 2860 359 -47 0
2 OPPONENT_WIZARD 12764 4223 165 603 0
3 OPPONENT_WIZARD 11862 4633 -326 126 0
4 SNAFFLE 5921 2785 1049 -244 0
5 SNAFFLE 10402 4640 0 0 0
6 SNAFFLE 5324 3005 58 250 0
7 SNAFFLE 10864 4575 -1075 82 0
8 SNAFFLE 8000 3750 0 0 0
9 BLUDGER 3512 3724 -439 -89 0
10 BLUDGER 12765 3071 602 -69 2
M 5324 3005 150
M 5324 3005 150
020
337
Standard Error Stream:
M 10864 4575 135
M 10864 4575 135
021
337
Standard Error Stream:
0 10
0 10
11
0 WIZARD 1048 2730 -702 -315 0
1 WIZARD 5155 2845 379 -12 0
2 OPPONENT_WIZARD 12796 4851 24 471 0
3 OPPONENT_WIZARD 11401 4751 -346 89 0
4 SNAFFLE 6970 2541 787 -183 0
5 SNAFFLE 9509 4798 -792 140 0
6 SNAFFLE 5382 3255 44 188 0
7 SNAFFLE 10682 4499 -14 -79 0
8 SNAFFLE 8000 3750 0 0 0
9 BLUDGER 3173 3559 -306 -148 0
10 BLUDGER 13304 3110 485 35 2
M 5382 3255 150
M 5382 3255 150
022
337
Standard Error Stream:
M 10682 4499 135
M 10682 4499 135
023
337
Standard Error Stream:
0 11
0 11
11
0 WIZARD 495 2433 -415 -223 0
1 WIZARD 5607 2964 339 89 0
2 OPPONENT_WIZARD 12687 5300 -82 337 0
3 OPPONENT_WIZARD 10928 4795 -355 33 0
4 SNAFFLE 7757 2358 590 -137 0
5 SNAFFLE 8717 4938 -594 105 0
6 SNAFFLE 5426 3443 33 141 0
7 SNAFFLE 10668 4420 -11 -59 0
8 SNAFFLE 8000 3750 0 0 0
9 BLUDGER 2985 3369 -170 -171 0
10 BLUDGER 13694 3227 351 105 2
M 5426 3443 150
M 5426 3443 150
024
337
Standard Error Stream:
M 10668 4420 135
M 10668 4420 135
025
337
Standard Error Stream:
0 12
0 12
11
0 WIZARD 573 2240 201 -145 0
1 WIZARD 5893 3193 214 172 0
2 OPPONENT_WIZARD 12481 5583 -154 212 0
3 OPPONENT_WIZARD 10496 4717 -324 -58 1
4 SNAFFLE 8347 2221 443 -103 0
5 SNAFFLE 8123 5043 -446 79 0
6 SNAFFLE 5459 3584 25 106 0
7 SNAFFLE 10496 4717 -324 -58 1
8 SNAFFLE 8000 3750 0 0 0
9 BLUDGER 2939 3179 -42 -171 0
10 BLUDGER 13936 3394 218 150 2
M 5459 3584 150
M 5459 3584 150
026
337
Standard Error Stream:
M 10496 4717 135
T 0 3750 500
027
337
Standard Error Stream:
0 13
0 13
11
0 WIZARD 919 2135 259 -79 0
1 WIZARD 5996 3465 77 204 0
2 OPPONENT_WIZARD 12203 5741 -208 119 0
3 OPPONENT_WIZARD 10172 4659 -243 -44 0
4 SNAFFLE 8790 2118 332 -77 0
5 SNAFFLE 7677 5122 -335 59 0
6 SNAFFLE 5484 3690 19 80 0
7 SNAFFLE 9176 4567 -990 -112 0
8 SNAFFLE 8000 3750 0 0 0
9 BLUDGER 3022 3009 75 -153 0
10 BLUDGER 14037 3589 91 175 2
M 5484 3690 150
M 5484 3690 150
028
337
Standard Error Stream:
M 9176 4567 135
M 9176 4567 135
029
337
Standard Error Stream:
0 14
0 14
11
0 WIZARD 1320 2104 301 -23 0
1 WIZARD 5936 3729 -45 198 0
2 OPPONENT_WIZARD 11869 5811 -250 53 0
3 OPPONENT_WIZARD 9795 4603 -283 -42 0
4 SNAFFLE 9122 2041 249 -58 0
5 SNAFFLE 7342 5181 -251 44 0
6 SNAFFLE 5503 3770 14 60 0
7 SNAFFLE 8186 4455 -743 -84 0
8 SNAFFLE 8000 3750 0 0 0
9 BLUDGER 3221 2875 179 -121 0
10 BLUDGER 14008 3797 -27 188 2
M 5503 3770 150
M 5503 3770 150
030
337
Standard Error Stream:
M 8186 4455 135
M 8186 4455 135
031
337
Standard Error Stream:
0 15
0 15
11
0 WIZARD 1760 2137 330 24 0
1 WIZARD 5742 3941 -146 159 1
2 OPPONENT_WIZARD 11492 5817 -283 5 0
3 OPPONENT_WIZARD 9378 4549 -313 -41 0
4 SNAFFLE 9371 1983 187 -44 0
5 SNAFFLE 7091 5225 -188 33 0
6 SNAFFLE 5742 3941 -146 159 1
7 SNAFFLE 7443 4371 -557 -63 0
8 SNAFFLE 8000 3750 0 0 0
9 BLUDGER 3519 2792 268 -75 0
10 BLUDGER 13858 4008 -135 190 2
M 5742 3941 150
T 16000 3750 500
032
337
Standard Error Stream:
M 8000 3750 135
M 8000 3750 135
033
337
Standard Error Stream:
0 16
0 16
11
0 WIZARD 2227 2223 350 64 0
1 WIZARD 5596 4100 -110 119 0
2 OPPONENT_WIZARD 11093 5753 -299 -48 0
3 OPPONENT_WIZARD 8948 4440 -322 -82 0
4 SNAFFLE 9558 1939 140 -33 0
5 SNAFFLE 6903 5258 -141 25 0
6 SNAFFLE 6596 4081 640 105 0
7 SNAFFLE 6886 4308 -418 -47 0
8 SNAFFLE 8000 3750 0 0 0
9 BLUDGER 3898 2774 341 -16 0
10 BLUDGER 13599 4213 -233 184 2
M 6596 4081 150
M 6596 4081 150
034
337
Standard Error Stream:
M 8000 3750 135
M 8000 3750 135
035
337
Standard Error Stream:
0 17
0 17
11
0 WIZARD 2715 2346 366 92 0
1 WIZARD 5636 4216 30 87 0
2 OPPONENT_WIZARD 10681 5632 -309 -91 0
3 OPPONENT_WIZARD 8517 4279 -323 -121 0
4 SNAFFLE 9698 1906 105 -25 0
5 SNAFFLE 6762 5283 -106 19 0
6 SNAFFLE 6692 3625 38 -377 0
7 SNAFFLE 7012 4822 128 420 0
8 SNAFFLE 8000 3750 0 0 0
9 BLUDGER 4338 2835 396 55 0
10 BLUDGER 13241 4403 -322 171 2
M 6692 3625 150
M 5696 4079 150
036
337
Standard Error Stream:
M 8000 3750 135
M 8000 3750 135
037
337
Standard Error Stream:
0 18
0 18
11
0 WIZARD 3224 2484 382 103 0
1 WIZARD 5726 4166 68 -38 0
2 OPPONENT_WIZARD 10262 5463 -315 -126 0
3 OPPONENT_WIZARD 8100 4061 -313 -163 1
4 SNAFFLE 9803 1881 79 -19 0
5 SNAFFLE 6656 5302 -80 14 0
6 SNAFFLE 6730 3248 29 -283 0
7 SNAFFLE 7140 5242 96 315 0
8 SNAFFLE 8100 4061 -313 -163 1
9 BLUDGER 4820 2981 433 131 0
10 BLUDGER 12794 4571 -402 151 2
M 6730 3248 150
M 5824 4052 150
038
337
Standard Error Stream:
M 8100 4061 135
T 0 3750 500
039
337
Standard Error Stream:
0 19
0 19
11
0 WIZARD 3753 2619 396 101 0
1 WIZARD 5892 4014 124 -114 0
2 OPPONENT_WIZARD 9834 5264 -321 -150 0
3 OPPONENT_WIZARD 7787 3898 -235 -122 0
4 SNAFFLE 9882 1862 59 -14 0
5 SNAFFLE 6576 5316 -60 11 0
6 SNAFFLE 6759 2965 22 -212 0
7 SNAFFLE 7236 5557 72 236 0
8 SNAFFLE 6788 3860 -984 -151 0
9 BLUDGER 5329 3211 458 207 0
10 BLUDGER 12268 4708 -474 124 2
M 6759 2965 150
M 6788 3860 150
040
337
Standard Error Stream:
M 7236 5557 135
M 6788 3860 135
041
337
Standard Error Stream:
0 20
0 20
11
0 WIZARD 4298 2737 409 89 0
1 WIZARD 6310 4060 627 431 1
2 OPPONENT_WIZARD 9379 5129 -341 -101 0
3 OPPONENT_WIZARD 7417 3771 -277 -95 0
4 SNAFFLE 9941 1848 44 -11 0
5 SNAFFLE 6516 5327 -45 8 0
6 SNAFFLE 6781 2753 17 -159 0
7 SNAFFLE 7308 5793 54 177 0
8 SNAFFLE 6310 4060 627 431 1
9 BLUDGER 5840 3497 413 198 1
10 BLUDGER 11671 4810 -537 92 2
M 6310 4060 150
T 16000 3750 500
042
337
Standard Error Stream:
M 7308 5793 135
M 6310 4060 135
043
337
Standard Error Stream:
0 21
0 21
11
0 WIZARD 4832 2908 401 129 0
1 WIZARD 6767 4642 219 546 0
2 OPPONENT_WIZARD 8909 5069 -352 -45 0
3 OPPONENT_WIZARD 7180 3559 -54 -269 0
4 SNAFFLE 9985 1837 33 -8 0
5 SNAFFLE 6471 5335 -34 6 0
6 SNAFFLE 6798 2594 13 -119 0
7 SNAFFLE 7362 5970 41 133 0
8 SNAFFLE 7936 4459 1220 299 0
9 BLUDGER 6376 3716 483 197 1
10 BLUDGER 11013 4872 -593 56 2
M 6798 2594 150
M 6471 5335 150
044
337
Standard Error Stream:
M 7936 4459 135
M 6798 2594 135
045
337
Standard Error Stream:
0 22
0 22
11
0 WIZARD 5381 3013 412 79 0
1 WIZARD 6927 5326 120 513 0
2 OPPONENT_WIZARD 8443 4952 -350 -88 1
3 OPPONENT_WIZARD 7076 3164 -78 -296 0
4 SNAFFLE 10018 1829 25 -6 0
5 SNAFFLE 6437 5341 -26 5 0
6 SNAFFLE 6811 2475 10 -89 0
7 SNAFFLE 7403 6103 31 100 0
8 SNAFFLE 8443 4952 -350 -88 1
9 BLUDGER 6982 3889 545 156 1
10 BLUDGER 10302 4887 -640 14 2
M 6811 2475 150
M 6437 5341 150
046
337
Standard Error Stream:
T 0 3750 500
M 6811 2475 135
047
337
Standard Error Stream:
0 23
0 23
11
0 WIZARD 5933 3039 414 20 0
1 WIZARD 6897 5844 -22 388 0
2 OPPONENT_WIZARD 8093 4864 -263 -66 0
3 OPPONENT_WIZARD 6950 2742 -95 -317 1
4 SNAFFLE 10043 1823 19 -5 0
5 SNAFFLE 6411 5346 -20 4 0
6 SNAFFLE 6950 2742 -95 -317 1
7 SNAFFLE 7434 6203 23 75 0
8 SNAFFLE 7103 4723 -1005 -172 0
9 BLUDGER 7543 3921 505 29 1
10 BLUDGER 9538 4917 -688 27 2
M 6950 2742 150
M 7434 6203 150
048
337
Standard Error Stream:
M 7103 4723 135
T 0 3750 500
049
337
Standard Error Stream:
0 24
0 24
11
0 WIZARD 6359 3110 196 141 1
1 WIZARD 7000 6315 77 354 0
2 OPPONENT_WIZARD 7696 4779 -297 -64 0
3 OPPONENT_WIZARD 6987 2332 152 -395 0
4 SNAFFLE 10062 1818 14 -4 0
5 SNAFFLE 6391 5350 -15 3 0
6 SNAFFLE 6359 3110 196 141 1
7 SNAFFLE 7457 6278 17 56 0
8 SNAFFLE 6098 4551 -754 -129 0
9 BLUDGER 8111 4058 511 123 1
10 BLUDGER 8732 4985 -725 62 2
T 16000 3750 500
M 7457 6278 150
050
337
Standard Error Stream:
M 6391 5350 135
M 6359 3110 135
051
337
Standard Error Stream:
0 25
0 25
11
0 WIZARD 6555 3251 147 106 0
1 WIZARD 7227 6657 170 256 1
2 OPPONENT_WIZARD 7275 4769 -316 -7 0
3 OPPONENT_WIZARD 7054 2042 50 -217 0
4 SNAFFLE 10076 1814 11 -3 0
5 SNAFFLE 6376 5353 -11 2 0
6 SNAFFLE 7553 3317 895 155 0
7 SNAFFLE 7227 6657 170 256 1
8 SNAFFLE 5344 4422 -566 -97 0
9 BLUDGER 8560 4289 404 208 1
10 BLUDGER 7908 5123 -742 124 2
M 7553 3317 150
T 16000 3750 500
052
337
Standard Error Stream:
M 6376 5353 135
M 7553 3317 135
053
337
Standard Error Stream:
0 26
0 26
11
0 WIZARD 6852 3367 223 87 0
1 WIZARD 7397 6913 128 192 0
2 OPPONENT_WIZARD 6825 4807 -393 -50 0
3 OPPONENT_WIZARD 7153 1951 74 -68 0
4 SNAFFLE 10087 1811 8 -2 0
5 SNAFFLE 6365 5355 -8 2 0
6 SNAFFLE 8448 3472 671 116 0
7 SNAFFLE 8346 6598 839 -44 0
8 SNAFFLE 4778 4325 -425 -73 0
9 BLUDGER 8847 4541 258 227 1
10 BLUDGER 7118 5365 -703 229 2
M 8448 3472 150
M 8346 6598 150
054
337
Standard Error Stream:
M 6365 5355 135
M 7149 2101 135
055
337
Standard Error Stream:
0 27
0 27
11
0 WIZARD 7225 3464 280 73 0
1 WIZARD 7667 7058 203 109 0
2 OPPONENT_WIZARD 6345 4860 -360 40 0
3 OPPONENT_WIZARD 7223 2018 53 50 0
4 SNAFFLE 10095 1809 6 -2 0
5 SNAFFLE 6357 5357 -6 2 0
6 SNAFFLE 9119 3588 503 87 0
7 SNAFFLE 9185 6554 629 -33 0
8 SNAFFLE 4353 4252 -319 -55 0
9 BLUDGER 8981 4784 121 219 1
10 BLUDGER 6437 5717 -613 317 2
M 9119 3588 150
M 9185 6554 150
056
337
Standard Error Stream:
M 6357 5357 135
M 7341 2110 135
057
337
Standard Error Stream:
0 28
0 28
11
0 WIZARD 7655 3547 322 62 0
1 WIZARD 8012 7080 259 -46 0
2 OPPONENT_WIZARD 5988 5035 -268 131 0
3 OPPONENT_WIZARD 7382 2151 120 100 0
4 SNAFFLE 10101 1807 5 -2 0
5 SNAFFLE 6351 5359 -5 2 0
6 SNAFFLE 9622 3675 377 65 0
7 SNAFFLE 9814 6521 472 -25 0
8 SNAFFLE 4034 4197 -239 -41 0
9 BLUDGER 9002 4928 19 130 1
10 BLUDGER 5908 6126 -476 368 2
M 9622 3675 150
M 9814 6521 150
058
337
Standard Error Stream:
M 6351 5359 135
M 9622 3675 135
059
337
Standard Error Stream:
0 29
0 29
11
0 WIZARD 8127 3619 354 54 0
1 WIZARD 8414 6990 302 -68 0
2 OPPONENT_WIZARD 5821 5256 -125 166 0
3 OPPONENT_WIZARD 7614 2327 174 132 0
4 SNAFFLE 10106 1805 4 -2 0
5 SNAFFLE 6346 5361 -4 2 0
6 SNAFFLE 9999 3740 283 49 0
7 SNAFFLE 10286 6496 354 -19 0
8 SNAFFLE 3795 4156 -179 -31 0
9 BLUDGER 8934 4969 -61 36 1
10 BLUDGER 5546 6546 -326 378 2
M 9999 3740 150
M 10286 6496 150
060
337
Standard Error Stream:
M 6346 5361 135
M 10106 1805 135
061
337
Standard Error Stream:
0 30
0 30
11
0 WIZARD 8631 3683 378 48 0
1 WIZARD 8861 6884 335 -80 0
2 OPPONENT_WIZARD 5828 5448 6 144 0
3 OPPONENT_WIZARD 7920 2431 230 78 0
4 SNAFFLE 10110 1803 3 -2 0
5 SNAFFLE 6342 5363 -3 2 0
6 SNAFFLE 10282 3789 212 37 0
7 SNAFFLE 10640 6477 266 -14 0
8 SNAFFLE 3616 4125 -134 -23 0
9 BLUDGER 8809 4898 -113 -64 1
10 BLUDGER 5344 6943 -182 357 2
M 10282 3789 150
M 10640 6477 150
062
337
Standard Error Stream:
M 5849 5300 135
M 10110 1803 135
063
337
Standard Error Stream:
0 31
0 31
11
0 WIZARD 9159 3741 396 43 0
1 WIZARD 9342 6771 361 -85 0
2 OPPONENT_WIZARD 5853 5458 19 8 0
3 OPPONENT_WIZARD 8280 2472 270 31 0
4 SNAFFLE 10113 1801 2 -2 0
5 SNAFFLE 6339 5365 -2 2 0
6 SNAFFLE 10494 3826 159 28 0
7 SNAFFLE 10906 6463 200 -11 0
8 SNAFFLE 3482 4102 -101 -17 0
9 BLUDGER 8678 4710 -118 -169 1
10 BLUDGER 5287 7298 -51 319 2
M 10494 3826 150
M 10906 6463 150
064
337
Standard Error Stream:
M 5998 5419 135
M 10113 1801 135
065
337
Standard Error Stream:
0 32
0 32
11
0 WIZARD 9705 3794 409 39 0
1 WIZARD 9850 6657 381 -85 0
2 OPPONENT_WIZARD 6002 5431 112 -20 1
3 OPPONENT_WIZARD 8677 2457 298 -12 0
4 SNAFFLE 10115 1799 2 -2 0
5 SNAFFLE 6002 5431 112 -20 1
6 SNAFFLE 10653 3854 119 21 0
7 SNAFFLE 11106 6452 150 -8 0
8 SNAFFLE 3381 4085 -76 -13 0
9 BLUDGER 8616 4429 -56 -253 1
10 BLUDGER 5360 6999 66 -273 2
M 10653 3854 150
M 11106 6452 150
066
337
Standard Error Stream:
T 0 3750 500
M 10115 1799 135
067
337
Standard Error Stream:
0 33
0 33
11
0 WIZARD 10264 3842 419 36 0
1 WIZARD 10379 6548 397 -82 0
2 OPPONENT_WIZARD 6114 5411 84 -15 0
3 OPPONENT_WIZARD 9098 2389 316 -51 0
4 SNAFFLE 10117 1797 2 -2 0
5 SNAFFLE 5151 5141 -638 -217 0
6 SNAFFLE 10772 3875 89 16 0
7 SNAFFLE 11256 6444 113 -6 0
8 SNAFFLE 3305 4072 -57 -10 0
9 BLUDGER 8668 4113 47 -284 1
10 BLUDGER 5551 6717 172 -254 2
M 10772 3875 150
M 11256 6444 150
068
337
Standard Error Stream:
M 5964 5408 135
M 10117 1797 135
069
337
Standard Error Stream:
0 34
0 34
11
0 WIZARD 10833 3888 427 34 1
1 WIZARD 10925 6448 409 -75 0
2 OPPONENT_WIZARD 6063 5393 -38 -13 0
3 OPPONENT_WIZARD 9531 2270 325 -89 0
4 SNAFFLE 10119 1795 2 -2 0
5 SNAFFLE 4513 4924 -479 -163 0
6 SNAFFLE 10833 3888 427 34 1
7 SNAFFLE 11369 6438 85 -5 0
8 SNAFFLE 3248 4062 -43 -8 0
9 BLUDGER 8838 3808 153 -274 1
10 BLUDGER 5848 6459 267 -233 2
T 16000 3750 500
M 11369 6438 150
070
337
Standard Error Stream:
M 5919 5351 135
M 10119 1795 135
071
337
Standard Error Stream:
0 35
0 35
11
0 WIZARD 11260 3922 320 26 0
1 WIZARD 11484 6370 419 -59 1
2 OPPONENT_WIZARD 5895 5342 -126 -38 0
3 OPPONENT_WIZARD 9961 2096 323 -130 1
4 SNAFFLE 9961 2096 323 -130 1
5 SNAFFLE 4034 4761 -359 -122 0
6 SNAFFLE 12260 3895 1070 5 0
7 SNAFFLE 11484 6370 419 -59 1
8 SNAFFLE 3205 4054 -32 -6 0
9 BLUDGER 9042 3420 184 -349 1
10 BLUDGER 6240 6226 353 -210 2
M 12260 3895 150
T 16000 3750 500
072
337
Standard Error Stream:
M 5752 5296 135
T 0 3750 500
073
337
Standard Error Stream:
0 36
0 36
11
0 WIZARD 11730 3944 352 16 0
1 WIZARD 11903 6311 314 -44 0
2 OPPONENT_WIZARD 5640 5263 -191 -60 0
3 OPPONENT_WIZARD 10284 1966 242 -98 0
4 SNAFFLE 9298 2130 -498 25 0
5 SNAFFLE 3675 4639 -269 -92 0
6 SNAFFLE 13330 3900 803 4 0
7 SNAFFLE 12768 5809 963 -421 0
8 SNAFFLE 3173 4048 -24 -5 0
9 BLUDGER 9297 2968 230 -407 1
10 BLUDGER 6718 6019 430 -186 2
M 13330 3900 150
M 12768 5809 150
074
337
Standard Error Stream:
M 5534 5157 135
M 9298 2130 135
075
337
Standard Error Stream:
0 37
0 37
11
0 WIZARD 12232 3956 376 9 0
1 WIZARD 12347 6192 333 -89 0
2 OPPONENT_WIZARD 5354 5108 -215 -117 0
3 OPPONENT_WIZARD 10393 1890 82 -57 0
4 SNAFFLE 8800 2155 -374 19 0
5 SNAFFLE 3406 4547 -202 -69 0
6 SNAFFLE 14133 3904 602 3 0
7 SNAFFLE 13731 5388 722 -316 0
8 SNAFFLE 3149 4043 -18 -4 0
9 BLUDGER 9615 2472 286 -446 1
10 BLUDGER 7273 5840 499 -161 2
M 14133 3904 150
M 13731 5388 150
076
337
Standard Error Stream:
M 3406 4547 135
M 10258 1956 135
077
337
Standard Error Stream:
0 38
0 38
11
0 WIZARD 12758 3961 394 4 0
1 WIZARD 12810 6028 347 -123 0
2 OPPONENT_WIZARD 5009 4954 -259 -116 0
3 OPPONENT_WIZARD 10764 1677 702 -382 0
4 SNAFFLE 8426 2174 -281 14 0
5 SNAFFLE 3204 4478 -152 -52 0
6 SNAFFLE 14735 3907 452 2 0
7 SNAFFLE 14453 5072 542 -237 0
8 SNAFFLE 3131 4039 -14 -3 0
9 BLUDGER 9950 1978 238 -411 3
10 BLUDGER 7849 5581 519 -233 2
M 14735 3907 150
M 14453 5072 150
078
337
Standard Error Stream:
M 3204 4478 135
M 8426 2174 135
079
337
Standard Error Stream:
0 39
0 39
11
0 WIZARD 13302 3961 408 0 0
1 WIZARD 13287 5830 357 -149 0
2 OPPONENT_WIZARD 4619 4804 -292 -113 0
3 OPPONENT_WIZARD 11334 1323 427 -265 0
4 SNAFFLE 8145 2188 -211 11 0
5 SNAFFLE 3052 4426 -114 -39 0
6 SNAFFLE 15187 3909 339 2 0
7 SNAFFLE 14995 4835 407 -178 0
8 SNAFFLE 3117 4036 -11 -2 0
9 BLUDGER 10290 1639 306 -305 3
10 BLUDGER 8443 5248 534 -300 2
M 15187 3909 150
M 14995 4835 150
080
337
Standard Error Stream:
M 3052 4426 135
M 8145 2188 135
081
337
Standard Error Stream:
0 40
0 40
11
0 WIZARD 13860 3957 418 -3 0
1 WIZARD 13774 5605 365 -168 0
2 OPPONENT_WIZARD 4196 4659 -317 -108 0
3 OPPONENT_WIZARD 11631 1093 223 -172 0
4 SNAFFLE 7934 2199 -158 8 0
5 SNAFFLE 2938 4387 -86 -29 0
6 SNAFFLE 15526 3911 254 2 0
7 SNAFFLE 15402 4657 305 -134 0
8 SNAFFLE 3106 4034 -8 -2 0
9 BLUDGER 10695 1410 364 -206 3
10 BLUDGER 9051 4847 547 -361 2
M 15526 3911 150
M 15402 4657 150
082
337
Standard Error Stream:
M 3106 4034 135
M 7934 2199 135
083
337
Standard Error Stream:
0 41
0 41
11
0 WIZARD 14428 3950 426 -5 0
1 WIZARD 14269 5362 371 -183 0
2 OPPONENT_WIZARD 3762 4484 -326 -131 0
3 OPPONENT_WIZARD 11725 960 70 -100 0
4 SNAFFLE 7776 2207 -119 6 0
5 SNAFFLE 2852 4358 -65 -22 0
6 SNAFFLE 15780 3913 191 2 0
7 SNAFFLE 15707 4523 229 -101 0
8 SNAFFLE 3098 4032 -6 -2 0
9 BLUDGER 11156 1282 415 -115 3
10 BLUDGER 9669 4383 556 -418 2
M 15780 3913 150
M 15707 4523 150
084
337
Standard Error Stream:
M 3098 4032 135
M 11623 1070 135
085
337
Standard Error Stream:
0 42
0 42
11
0 WIZARD 15004 3941 432 -7 0
1 WIZARD 14770 5103 375 -194 0
2 OPPONENT_WIZARD 3324 4277 -328 -155 1
3 OPPONENT_WIZARD 12333 565 516 -334 0
4 SNAFFLE 7657 2213 -89 5 0
5 SNAFFLE 2787 4336 -49 -17 0
6 SNAFFLE 15971 3915 143 2 0
7 SNAFFLE 15936 4422 172 -76 0
8 SNAFFLE 3324 4277 -328 -155 1
9 BLUDGER 11589 1295 381 18 3
10 BLUDGER 10289 3858 558 -473 2
M 15971 3915 150
M 15936 4422 150
086
337
Standard Error Stream:
T 0 3750 500
M 15971 3915 135
087
337
Standard Error Stream:
2 43
0 43
9
0 WIZARD 15586 3930 436 -8 0
1 WIZARD 15275 4833 378 -202 0
2 OPPONENT_WIZARD 2996 4122 -246 -116 0
3 OPPONENT_WIZARD 12948 478 461 182 0
4 SNAFFLE 7568 2218 -67 4 0
5 SNAFFLE 1980 4650 -754 300 0
8 SNAFFLE 2767 3635 -270 -547 0
9 BLUDGER 12069 1390 432 85 3
10 BLUDGER 10913 3279 562 -521 2
M 7568 2218 150
M 7568 2218 150
088
337
Standard Error Stream:
M 2767 3635 135
M 7568 2218 135
089
337
Standard Error Stream:
2 44
0 44
9
0 WIZARD 15337 3763 -199 -223 0
1 WIZARD 15499 4710 159 5 0
2 OPPONENT_WIZARD 2693 3884 -228 -179 0
3 OPPONENT_WIZARD 13281 702 249 168 0
4 SNAFFLE 7501 2222 -50 3 0
5 SNAFFLE 1226 4950 -566 225 0
8 SNAFFLE 2497 3088 -203 -410 0
9 BLUDGER 12602 1548 480 142 3
10 BLUDGER 11548 2657 572 -560 2
M 7501 2222 150
M 7501 2222 150
090
337
Standard Error Stream:
M 2497 3088 135
M 7501 2222 135
091
337
Standard Error Stream:
2 45
0 45
9
0 WIZARD 14991 3511 -260 -189 0
1 WIZARD 15515 4670 12 -30 0
2 OPPONENT_WIZARD 2433 3574 -195 -233 0
3 OPPONENT_WIZARD 13399 904 89 152 0
4 SNAFFLE 7451 2225 -38 2 0
5 SNAFFLE 660 5175 -425 169 0
8 SNAFFLE 2294 2678 -152 -308 0
9 BLUDGER 13179 1769 519 199 3
10 BLUDGER 12203 2003 589 -588 2
M 7451 2225 150
M 15365 4658 150
092
337
Standard Error Stream:
M 2294 2678 135
M 7451 2225 135
093
337
Standard Error Stream:
2 46
0 46
9
0 WIZARD 14583 3297 -306 -161 0
1 WIZARD 15377 4628 -103 -31 0
2 OPPONENT_WIZARD 2217 3208 -162 -275 0
3 OPPONENT_WIZARD 13462 1024 1184 -568 0
4 SNAFFLE 7413 2227 -29 2 0
5 SNAFFLE 235 5344 -319 127 0
8 SNAFFLE 2142 2370 -114 -231 0
9 BLUDGER 13788 2055 548 257 3
10 BLUDGER 12871 1338 430 -500 3
M 7413 2227 150
M 15233 4585 150
094
337
Standard Error Stream:
M 2142 2370 135
M 7413 2227 135
095
337
Standard Error Stream:
2 47
0 47
9
0 WIZARD 14129 3114 -341 -137 0
1 WIZARD 15130 4554 -185 -55 0
2 OPPONENT_WIZARD 2043 2799 -131 -307 0
3 OPPONENT_WIZARD 14514 482 789 -406 0
4 SNAFFLE 7384 2229 -22 2 0
5 SNAFFLE 146 5041 -54 -252 0
8 SNAFFLE 2028 2139 -86 -173 0
9 BLUDGER 14403 2417 554 326 3
10 BLUDGER 13383 932 461 -365 3
M 7384 2229 150
M 15014 4458 150
096
337
Standard Error Stream:
M 2028 2139 135
M 7384 2229 135
097
337
Standard Error Stream:
2 48
0 48
9
0 WIZARD 13639 2957 -367 -117 0
1 WIZARD 14829 4403 -225 -113 0
2 OPPONENT_WIZARD 1909 2357 -101 -331 1
3 OPPONENT_WIZARD 15172 692 493 280 0
4 SNAFFLE 7362 2231 -17 2 0
5 SNAFFLE 92 4789 -41 -189 0
8 SNAFFLE 1909 2357 -101 -331 1
9 BLUDGER 14911 2859 457 398 3
10 BLUDGER 13884 685 451 -222 3
M 7362 2231 150
M 7362 2231 150
098
337
Standard Error Stream:
T 0 3750 500
M 7362 2231 135
099
337
Standard Error Stream:
2 49
0 49
9
0 WIZARD 13123 2823 -387 -101 0
1 WIZARD 14460 4248 -277 -116 0
2 OPPONENT_WIZARD 1808 2026 -76 -248 0
3 OPPONENT_WIZARD 15533 998 270 230 0
4 SNAFFLE 7345 2233 -13 2 0
5 SNAFFLE 51 4600 -31 -142 0
8 SNAFFLE 1000 2615 -682 194 0
9 BLUDGER 15243 3267 299 367 3
10 BLUDGER 14322 587 394 -88 3
M 7345 2233 150
M 7345 2233 150
100
337
Standard Error Stream:
M 1000 2615 135
M 7345 2233 135
101
337
Standard Error Stream:
2 50
0 50
9
0 WIZARD 12587 2707 -402 -87 0
1 WIZARD 14039 4091 -316 -118 0
2 OPPONENT_WIZARD 1623 1858 -139 -126 0
3 OPPONENT_WIZARD 15513 1227 -202 69 0
4 SNAFFLE 7332 2235 -10 2 0
5 SNAFFLE 20 4458 -23 -107 0
8 SNAFFLE 318 2809 -512 146 0
9 BLUDGER 15464 3732 199 418 3
10 BLUDGER 14657 609 301 20 3
M 7332 2235 150
M 7332 2235 150
102
337
Standard Error Stream:
M 318 2809 135
M 7332 2235 135
103
337
Standard Error Stream:
2 51
2 51
7
0 WIZARD 12036 2607 -414 -75 0
1 WIZARD 13578 3933 -345 -119 0
2 OPPONENT_WIZARD 1375 1812 -186 -35 0
3 OPPONENT_WIZARD 15177 1313 -252 64 0
4 SNAFFLE 7322 2237 -8 2 0
9 BLUDGER 15542 4181 70 404 3
10 BLUDGER 14870 718 192 98 3
M 7322 2237 150
M 7322 2237 150
104
337
Standard Error Stream:
M 7322 2237 135
M 7322 2237 135
105
337
Standard Error Stream:
2 52
2 52
7
0 WIZARD 11472 2520 -423 -65 0
1 WIZARD 13088 3775 -367 -119 0
2 OPPONENT_WIZARD 1324 1787 -39 -19 0
3 OPPONENT_WIZARD 14881 1676 -198 348 0
4 SNAFFLE 7314 2239 -6 2 0
9 BLUDGER 15488 4569 -49 350 3
10 BLUDGER 14947 850 65 107 3
M 7314 2239 150
M 7314 2239 150
106
337
Standard Error Stream:
M 1472 1814 135
M 7314 2239 135
107
337
Standard Error Stream:
2 53
2 53
7
0 WIZARD 10899 2445 -429 -56 0
1 WIZARD 12576 3617 -384 -118 0
2 OPPONENT_WIZARD 1418 1792 70 4 0
3 OPPONENT_WIZARD 14548 2034 -249 269 0
4 SNAFFLE 7308 2241 -5 2 0
9 BLUDGER 15320 4880 -151 280 3
10 BLUDGER 14945 1062 -2 191 3
M 7308 2241 150
M 7308 2241 150
108
337
Standard Error Stream:
M 1567 1805 135
M 7308 2241 135
109
337
Standard Error Stream:
2 54
2 54
7
0 WIZARD 10320 2380 -434 -48 0
1 WIZARD 12047 3461 -397 -117 0
2 OPPONENT_WIZARD 1622 1808 153 12 0
3 OPPONENT_WIZARD 14164 2307 -288 205 0
4 SNAFFLE 7303 2243 -4 2 0
9 BLUDGER 15055 5108 -238 205 3
10 BLUDGER 14858 1345 -78 254 3
M 7303 2243 150
M 7303 2243 150
110
337
Standard Error Stream:
M 1769 1778 135
M 7303 2243 135
111
337
Standard Error Stream:
2 55
2 55
7
0 WIZARD 9736 2325 -438 -41 0
1 WIZARD 11505 3307 -407 -116 0
2 OPPONENT_WIZARD 1907 1793 214 -11 0
3 OPPONENT_WIZARD 13741 2511 -317 153 0
4 SNAFFLE 7299 2245 -3 2 0
9 BLUDGER 14707 5253 -313 130 3
10 BLUDGER 14680 1674 -160 296 3
M 7299 2245 150
M 7299 2245 150
112
337
Standard Error Stream:
M 7299 2245 135
M 7299 2245 135
113
337
Standard Error Stream:
2 56
2 56
7
0 WIZARD 9148 2279 -441 -34 0
1 WIZARD 10953 3154 -414 -115 0
2 OPPONENT_WIZARD 2256 1793 261 0 0
3 OPPONENT_WIZARD 13289 2658 -339 111 0
4 SNAFFLE 7296 2247 -2 2 0
9 BLUDGER 14287 5318 -378 59 3
10 BLUDGER 14409 2027 -244 318 3
M 7296 2247 150
M 7296 2247 150
114
337
Standard Error Stream:
M 7296 2247 135
M 7296 2247 135
115
337
Standard Error Stream:
2 57
2 57
7
0 WIZARD 8557 2242 -443 -27 0
1 WIZARD 10393 3003 -420 -113 0
2 OPPONENT_WIZARD 2651 1805 297 9 0
3 OPPONENT_WIZARD 12815 2760 -355 76 0
4 SNAFFLE 7294 2249 -2 2 0
9 BLUDGER 13804 5309 -435 -8 3
10 BLUDGER 14046 2384 -327 321 3
M 7294 2249 150
M 7294 2249 150
116
337
Standard Error Stream:
M 7294 2249 135
M 7294 2249 135
117
337
Standard Error Stream:
2 58
2 58
7
0 WIZARD 7964 2216 -445 -20 0
1 WIZARD 9827 2855 -424 -111 0
2 OPPONENT_WIZARD 3082 1827 324 16 0
3 OPPONENT_WIZARD 12326 2824 -367 48 0
4 SNAFFLE 7292 2251 -2 2 0
9 BLUDGER 13265 5231 -485 -70 3
10 BLUDGER 13596 2726 -405 308 3
M 7292 2251 150
M 7292 2251 150
118
337
Standard Error Stream:
M 7292 2251 135
M 7292 2251 135
119
337
Standard Error Stream:
2 59
2 59
7
0 WIZARD 7369 2204 -446 -9 1
1 WIZARD 9257 2709 -427 -109 0
2 OPPONENT_WIZARD 3540 1857 344 22 0
3 OPPONENT_WIZARD 11825 2857 -376 25 0
4 SNAFFLE 7369 2204 -446 -9 1
9 BLUDGER 12677 5090 -529 -127 3
10 BLUDGER 13066 3038 -477 281 3
T 16000 3750 500
M 7369 2204 150
120
337
Standard Error Stream:
M 7369 2204 135
M 7369 2204 135
121
337
Standard Error Stream:
2 60
2 60
7
0 WIZARD 6923 2195 -335 -7 0
1 WIZARD 8685 2561 -429 -111 0
2 OPPONENT_WIZARD 4018 1891 359 26 0
3 OPPONENT_WIZARD 11315 2862 -382 4 0
4 SNAFFLE 7907 2371 404 125 0
9 BLUDGER 12045 4892 -568 -179 3
10 BLUDGER 12464 3308 -541 243 3
M 7907 2371 150
M 7907 2371 150
122
337
Standard Error Stream:
M 7907 2371 135
M 7907 2371 135
123
337
Standard Error Stream:
2 61
2 61
7
0 WIZARD 6736 2214 -141 15 0
1 WIZARD 8110 2414 -431 -110 1
2 OPPONENT_WIZARD 4511 1934 370 32 0
3 OPPONENT_WIZARD 10799 2847 -387 -11 0
4 SNAFFLE 8110 2414 -431 -110 1
9 BLUDGER 11374 4642 -604 -225 3
10 BLUDGER 11800 3527 -597 197 3
M 6885 2200 150
T 16000 3750 500
124
337
Standard Error Stream:
M 8110 2414 135
M 8110 2414 135
125
337
Standard Error Stream:
2 62
2 62
7
0 WIZARD 6744 2215 6 1 0
1 WIZARD 7679 2304 -323 -83 0
2 OPPONENT_WIZARD 5015 1984 378 37 0
3 OPPONENT_WIZARD 10279 2815 -390 -24 0
4 SNAFFLE 8665 2471 416 43 0
9 BLUDGER 10667 4347 -637 -266 3
10 BLUDGER 11083 3688 -645 145 3
M 6893 2235 150
M 8665 2471 150
126
337
Standard Error Stream:
M 8665 2471 135
M 8665 2471 135
127
337
Standard Error Stream:
2 63
2 63
7
0 WIZARD 6704 2222 -134 -2 0
1 WIZARD 7699 2260 119 -26 0
2 OPPONENT_WIZARD 5527 2039 384 41 0
3 OPPONENT_WIZARD 9757 2763 -392 -39 0
4 SNAFFLE 9081 2514 312 32 0
9 BLUDGER 9927 4010 -666 -303 3
10 BLUDGER 10322 3786 -685 88 3
M 6854 2226 150
M 7831 2332 150
128
337
Standard Error Stream:
M 9081 2514 135
M 9081 2514 135
129
337
Standard Error Stream:
2 64
2 64
7
0 WIZARD 6831 2244 384 67 0
1 WIZARD 7950 2306 188 34 0
2 OPPONENT_WIZARD 5933 2078 16 -21 0
3 OPPONENT_WIZARD 9238 2677 -389 -64 1
4 SNAFFLE 9238 2677 -389 -64 1
9 BLUDGER 9073 3654 -803 -311 3
10 BLUDGER 9619 3787 -599 -8 3
M 6903 2375 150
M 9238 2677 150
130
337
Standard Error Stream:
M 6075 2128 135
T 0 3750 500
131
337
Standard Error Stream:
2 65
2 65
7
0 WIZARD 7287 2442 342 149 0
1 WIZARD 8105 2318 -264 -126 1
2 OPPONENT_WIZARD 6076 2102 108 18 0
3 OPPONENT_WIZARD 9027 2676 222 134 0
4 SNAFFLE 8105 2318 -264 -126 1
9 BLUDGER 8190 3247 -795 -366 3
10 BLUDGER 8927 3696 -623 -82 3
M 8105 2318 150
T 16000 3750 500
132
337
Standard Error Stream:
M 6226 2111 135
M 8105 2318 135
133
337
Standard Error Stream:
2 66
2 66
7
0 WIZARD 6867 2458 -998 -521 0
1 WIZARD 8506 2079 321 -182 0
2 OPPONENT_WIZARD 5938 1927 -1083 -649 0
3 OPPONENT_WIZARD 9123 2761 72 64 0
4 SNAFFLE 8825 2370 540 39 0
9 BLUDGER 7462 2810 -409 -236 0
10 BLUDGER 8240 3507 -618 -170 3
M 8825 2370 150
M 8825 2370 150
134
337
Standard Error Stream:
M 8825 2370 135
M 9018 2654 135
135
337
Standard Error Stream:
2 67
2 67
7
0 WIZARD 6019 1930 -636 -396 0
1 WIZARD 8898 1923 260 -183 0
2 OPPONENT_WIZARD 4988 1298 -712 -471 0
3 OPPONENT_WIZARD 9140 2804 47 98 1
4 SNAFFLE 9140 2804 47 98 1
9 BLUDGER 7155 2502 -276 -277 0
10 BLUDGER 7645 3214 -536 -264 3
M 9140 2804 150
M 9140 2804 150
136
337
Standard Error Stream:
M 9140 2804 135
T 0 3750 500
137
337
Standard Error Stream:
2 68
2 68
7
0 WIZARD 5527 1574 -369 -267 0
1 WIZARD 9198 1885 225 -29 0
2 OPPONENT_WIZARD 4403 873 -439 -319 0
3 OPPONENT_WIZARD 9187 2902 35 74 0
4 SNAFFLE 8192 3005 -711 151 0
9 BLUDGER 6998 2186 -142 -285 0
10 BLUDGER 7196 2860 -404 -318 3
M 8192 3005 150
M 8192 3005 150
138
337
Standard Error Stream:
M 8192 3005 135
M 9051 2838 135
139
337
Standard Error Stream:
2 69
2 69
7
0 WIZARD 5290 1378 -178 -147 0
1 WIZARD 9323 1968 94 62 0
2 OPPONENT_WIZARD 4082 620 -241 -190 0
3 OPPONENT_WIZARD 9100 2919 -65 12 0
4 SNAFFLE 7481 3156 -533 113 0
9 BLUDGER 6980 1884 -16 -272 0
10 BLUDGER 6693 2466 -453 -355 3
M 7481 3156 150
M 9176 1940 150
140
337
Standard Error Stream:
M 7481 3156 135
M 8951 2938 135
141
337
Standard Error Stream:
2 70
2 70
7
0 WIZARD 5228 1326 -46 -39 0
1 WIZARD 9270 2002 -40 25 0
2 OPPONENT_WIZARD 3949 511 -100 -82 0
3 OPPONENT_WIZARD 8901 2948 -149 22 0
4 SNAFFLE 6948 3269 -400 85 0
9 BLUDGER 7089 1616 98 -241 0
10 BLUDGER 6141 2034 -497 -388 3
M 5334 1432 150
M 9137 2071 150
142
337
Standard Error Stream:
M 4064 607 135
M 6948 3269 135
143
337
Standard Error Stream:
2 71
2 71
7
0 WIZARD 4877 1087 -857 -621 0
1 WIZARD 9097 2096 -130 71 0
2 OPPONENT_WIZARD 3953 516 3 3 0
3 OPPONENT_WIZARD 8619 2992 -212 33 0
4 SNAFFLE 6548 3354 -300 64 0
9 BLUDGER 7310 1397 199 -197 0
10 BLUDGER 5597 1608 -401 -317 0
M 6548 3354 150
M 8960 2157 150
144
337
Standard Error Stream:
M 4054 627 135
M 6548 3354 135
145
337
Standard Error Stream:
2 72
2 72
7
0 WIZARD 4491 775 -724 -573 0
1 WIZARD 8830 2228 -200 99 0
2 OPPONENT_WIZARD 3390 569 -607 323 0
3 OPPONENT_WIZARD 8274 3048 -259 42 0
4 SNAFFLE 6248 3418 -225 48 0
9 BLUDGER 7625 1246 284 -136 0
10 BLUDGER 5126 1247 -331 -258 0
M 6248 3418 150
M 6248 3418 150
146
337
Standard Error Stream:
M 6248 3418 135
M 6248 3418 135
147
337
Standard Error Stream:
2 73
2 73
7
0 WIZARD 3850 473 -481 336 0
1 WIZARD 8494 2390 -252 121 0
2 OPPONENT_WIZARD 2879 987 -384 314 0
3 OPPONENT_WIZARD 7882 3114 -294 50 0
4 SNAFFLE 6023 3466 -169 36 0
9 BLUDGER 8006 1189 343 -51 0
10 BLUDGER 4679 944 -403 -273 0
M 6023 3466 150
M 6023 3466 150
148
337
Standard Error Stream:
M 6023 3466 135
M 6023 3466 135
149
337
Standard Error Stream:
2 74
2 74
7
0 WIZARD 3457 930 -295 343 0
1 WIZARD 8104 2571 -292 136 0
2 OPPONENT_WIZARD 2601 1385 -208 298 0
3 OPPONENT_WIZARD 7455 3189 -320 56 0
4 SNAFFLE 5854 3502 -127 27 0
9 BLUDGER 8396 1254 351 58 0
10 BLUDGER 4151 674 -475 -243 0
M 5854 3502 150
M 5854 3502 150
150
337
Standard Error Stream:
M 5854 3502 135
M 5854 3502 135
151
337
Standard Error Stream:
2 75
2 75
7
0 WIZARD 3264 1383 -145 340 0
1 WIZARD 7673 2764 -323 145 0
2 OPPONENT_WIZARD 2506 1757 -71 279 0
3 OPPONENT_WIZARD 7003 3271 -339 61 0
4 SNAFFLE 5727 3529 -95 20 0
9 BLUDGER 8720 1434 292 162 0
10 BLUDGER 3562 483 -530 -172 0
M 5727 3529 150
M 5727 3529 150
152
337
Standard Error Stream:
M 5727 3529 135
M 5727 3529 135
153
337
Standard Error Stream:
2 76
2 76
7
0 WIZARD 3316 1783 82 280 0
1 WIZARD 7241 2944 -267 99 0
2 OPPONENT_WIZARD 2469 2140 -71 307 0
3 OPPONENT_WIZARD 6501 3378 -434 116 0
4 SNAFFLE 5632 3549 -71 15 0
9 BLUDGER 8935 1694 193 234 0
10 BLUDGER 2952 407 -549 -68 0
M 5632 3549 150
M 7174 3078 150
154
337
Standard Error Stream:
M 5632 3549 135
M 5632 3549 135
155
337
Standard Error Stream:
2 77
2 77
7
0 WIZARD 3517 2154 151 278 0
1 WIZARD 6907 3177 -251 175 0
2 OPPONENT_WIZARD 2521 2502 39 271 0
3 OPPONENT_WIZARD 5935 3520 -425 107 1
4 SNAFFLE 5935 3520 -425 107 1
9 BLUDGER 9027 2002 83 277 0
10 BLUDGER 2369 459 -524 47 0
M 5935 3520 150
M 5935 3520 150
156
337
Standard Error Stream:
M 5935 3520 135
T 0 3750 500
157
337
Standard Error Stream:
2 78
2 78
7
0 WIZARD 3799 2506 211 264 0
1 WIZARD 6515 3402 -294 169 0
2 OPPONENT_WIZARD 2689 2812 126 232 0
3 OPPONENT_WIZARD 5510 3627 -319 80 0
4 SNAFFLE 4511 3666 -1068 109 0
9 BLUDGER 9001 2340 -24 304 0
10 BLUDGER 1854 631 -463 154 0
M 4511 3666 150
M 4511 3666 150
158
337
Standard Error Stream:
M 4511 3666 135
M 4511 3666 135
159
337
Standard Error Stream:
2 79
2 79
7
0 WIZARD 4088 2898 217 294 0
1 WIZARD 6072 3591 -332 141 0
2 OPPONENT_WIZARD 2937 3101 186 217 0
3 OPPONENT_WIZARD 5056 3712 -340 64 0
4 SNAFFLE 3443 3775 -801 82 0
9 BLUDGER 8862 2693 -125 318 0
10 BLUDGER 1436 902 -376 244 0
M 3443 3775 150
M 3443 3775 150
160
337
Standard Error Stream:
M 3443 3775 135
M 3443 3775 135
161
337
Standard Error Stream:
2 80
2 80
7
0 WIZARD 4071 3162 -250 -50 0
1 WIZARD 5590 3742 -361 114 0
2 OPPONENT_WIZARD 3204 3426 200 244 0
3 OPPONENT_WIZARD 4726 3932 -10 413 0
4 SNAFFLE 2642 3857 -601 62 0
9 BLUDGER 8618 3049 -220 321 0
10 BLUDGER 1130 1249 -275 313 0
M 2642 3857 150
M 2642 3857 150
162
337
Standard Error Stream:
M 2642 3857 135
M 2642 3857 135
163
337
Standard Error Stream:
2 81
2 81
7
0 WIZARD 3857 3090 -99 -85 0
1 WIZARD 5235 3804 -213 26 0
2 OPPONENT_WIZARD 3126 3840 -120 342 0
3 OPPONENT_WIZARD 4426 4398 -278 370 0
4 SNAFFLE 2041 3919 -451 47 0
9 BLUDGER 8276 3398 -308 314 0
10 BLUDGER 941 1653 -170 363 0
M 3822 3236 150
M 2041 3919 150
164
337
Standard Error Stream:
M 2041 3919 135
M 2041 3919 135
165
337
Standard Error Stream:
2 82
2 82
7
0 WIZARD 3723 3151 -100 46 0
1 WIZARD 4872 3835 -272 24 0
2 OPPONENT_WIZARD 2871 4192 -191 264 0
3 OPPONENT_WIZARD 4016 4741 -308 258 0
4 SNAFFLE 1590 3966 -338 35 0
9 BLUDGER 7844 3729 -389 297 0
10 BLUDGER 859 2104 -73 406 0
M 3580 3198 150
M 1590 3966 150
166
337
Standard Error Stream:
M 1590 3966 135
M 1590 3966 135
167
337
Standard Error Stream:
2 83
2 83
7
0 WIZARD 3480 3244 -182 70 0
1 WIZARD 4450 3865 -316 22 0
2 OPPONENT_WIZARD 2547 4433 -243 180 0
3 OPPONENT_WIZARD 3579 4958 -327 163 0
4 SNAFFLE 1252 4001 -254 26 0
9 BLUDGER 7330 4030 -463 271 0
10 BLUDGER 873 2600 12 446 0
M 1252 4001 150
M 1252 4001 150
168
337
Standard Error Stream:
M 1252 4001 135
M 1252 4001 135
169
337
Standard Error Stream:
2 84
2 84
7
0 WIZARD 3156 3362 -243 89 0
1 WIZARD 3984 3893 -349 21 0
2 OPPONENT_WIZARD 2176 4570 -278 103 0
3 OPPONENT_WIZARD 3127 5070 -339 84 0
4 SNAFFLE 998 4027 -191 20 0
9 BLUDGER 6742 4294 -529 237 0
10 BLUDGER 969 3138 87 484 0
M 998 4027 150
M 998 4027 150
170
337
Standard Error Stream:
M 998 4027 135
M 998 4027 135
171
337
Standard Error Stream:
2 85
2 85
7
0 WIZARD 2770 3495 -290 100 0
1 WIZARD 3485 3921 -374 21 0
2 OPPONENT_WIZARD 1775 4616 -300 35 0
3 OPPONENT_WIZARD 2667 5095 -345 18 0
4 SNAFFLE 807 4047 -143 15 0
9 BLUDGER 6089 4513 -587 197 0
10 BLUDGER 1137 3718 151 522 0
M 807 4047 150
M 807 4047 150
172
337
Standard Error Stream:
M 807 4047 135
M 807 4047 135
173
337
Standard Error Stream:
2 86
2 86
7
0 WIZARD 2226 3572 -434 43 0
1 WIZARD 3071 4012 -284 83 0
2 OPPONENT_WIZARD 1346 5073 -613 710 0
3 OPPONENT_WIZARD 2539 5166 502 266 0
4 SNAFFLE 664 4062 -107 11 0
9 BLUDGER 5380 4682 -638 152 0
10 BLUDGER 1320 4266 119 406 2
M 664 4062 150
M 664 4062 150
174
337
Standard Error Stream:
M 664 4062 135
M 664 4062 135
175
337
Standard Error Stream:
2 87
2 87
7
0 WIZARD 1649 3660 -433 66 0
1 WIZARD 2637 4098 -325 65 0
2 OPPONENT_WIZARD 733 5659 629 269 0
3 OPPONENT_WIZARD 2925 5364 289 148 0
4 SNAFFLE 557 4073 -80 8 0
9 BLUDGER 4622 4799 -682 105 0
10 BLUDGER 1538 4596 196 297 2
M 557 4073 150
M 557 4073 150
176
337
Standard Error Stream:
M 557 4073 135
M 557 4073 135
177
337
Standard Error Stream:
2 88
2 88
7
0 WIZARD 1076 3779 -430 89 0
1 WIZARD 2162 4161 -356 47 0
2 OPPONENT_WIZARD 1347 5794 461 101 0
3 OPPONENT_WIZARD 3095 5447 128 63 0
4 SNAFFLE 477 4081 -60 6 0
9 BLUDGER 3821 4943 -721 130 0
10 BLUDGER 1749 4769 190 156 2
M 477 4081 150
M 477 4081 150
178
337
Standard Error Stream:
M 477 4081 135
M 2960 5381 135
179
337
Standard Error Stream:
2 89
2 89
7
0 WIZARD 512 3936 -423 117 1
1 WIZARD 1656 4201 -379 30 0
2 OPPONENT_WIZARD 1747 5775 300 -15 0
3 OPPONENT_WIZARD 2541 6028 -663 692 0
4 SNAFFLE 512 3936 -423 117 1
9 BLUDGER 3067 5072 -641 78 3
10 BLUDGER 2009 4822 234 47 2
T 16000 3750 500
M 512 3936 150
180
337
Standard Error Stream:
M 512 3936 135
M 512 3936 135
181
337
Standard Error Stream:
2 90
2 90
7
0 WIZARD 437 3968 375 -81 0
1 WIZARD 1479 4282 298 166 0
2 OPPONENT_WIZARD 1390 5423 -290 -272 0
3 OPPONENT_WIZARD 2366 6848 -109 623 0
4 SNAFFLE 1089 4041 433 79 0
9 BLUDGER 2316 5209 -676 123 3
10 BLUDGER 2181 4760 155 -56 2
M 1089 4041 150
M 1089 4041 150
182
337
Standard Error Stream:
M 1089 4041 135
M 1089 4041 135
183
337
Standard Error Stream:
2 91
2 91
7
0 WIZARD 961 3904 393 -48 0
1 WIZARD 1649 4369 128 65 1
2 OPPONENT_WIZARD 966 4981 -564 -422 0
3 OPPONENT_WIZARD 2201 6852 -124 -375 0
4 SNAFFLE 1649 4369 128 65 1
9 BLUDGER 1531 5365 -669 154 2
10 BLUDGER 2233 4634 47 -114 2
M 1649 4369 150
T 16000 3750 500
184
337
Standard Error Stream:
M 1649 4369 135
M 1649 4369 135
185
337
Standard Error Stream:
2 92
2 92
7
0 WIZARD 801 3441 -193 -401 0
1 WIZARD 1537 4556 -122 149 0
2 OPPONENT_WIZARD 503 4469 -348 -384 0
3 OPPONENT_WIZARD 2048 6345 -115 -380 0
4 SNAFFLE 1818 3612 -149 -791 0
9 BLUDGER 877 5395 -589 27 2
10 BLUDGER 2341 4564 134 -39 1
M 1818 3612 150
M 1818 3612 150
186
337
Standard Error Stream:
M 1818 3612 135
M 1818 3612 135
187
337
Standard Error Stream:
2 93
2 93
7
0 WIZARD 756 3065 -34 -282 0
1 WIZARD 1458 4561 -59 4 0
2 OPPONENT_WIZARD 532 4011 176 -343 0
3 OPPONENT_WIZARD 1922 5830 -95 -386 0
4 SNAFFLE 1669 2821 -112 -593 0
9 BLUDGER 365 5324 -461 -64 2
10 BLUDGER 2455 4648 102 76 1
M 1669 2821 150
M 1532 4431 150
188
337
Standard Error Stream:
M 1669 2821 135
M 1669 2821 135
189
337
Standard Error Stream:
2 94
2 94
7
0 WIZARD 867 2744 83 -241 0
1 WIZARD 1473 4435 11 -95 0
2 OPPONENT_WIZARD 801 3570 202 -330 0
3 OPPONENT_WIZARD 1816 5309 -80 -390 0
4 SNAFFLE 1557 2228 -84 -445 0
9 BLUDGER 394 5188 323 -122 2
10 BLUDGER 2506 4838 46 171 1
M 1557 2228 150
M 1471 4285 150
190
337
Standard Error Stream:
M 1557 2228 135
M 1557 2228 135
191
337
Standard Error Stream:
2 95
2 95
7
0 WIZARD 1078 2291 160 -368 0
1 WIZARD 1424 4043 -76 -391 0
2 OPPONENT_WIZARD 1062 3245 194 -216 0
3 OPPONENT_WIZARD 1783 4931 14 -187 0
4 SNAFFLE 1473 1783 -63 -334 0
9 BLUDGER 820 4994 383 -174 2
10 BLUDGER 2449 5079 -52 217 1
M 1473 1783 150
M 1473 1783 150
192
337
Standard Error Stream:
M 1473 1783 135
M 1473 1783 135
193
337
Standard Error Stream:
2 96
2 96
7
0 WIZARD 1330 1805 189 -365 1
1 WIZARD 1428 3703 23 -202 0
2 OPPONENT_WIZARD 1216 2698 96 -463 0
3 OPPONENT_WIZARD 1964 4557 572 -409 0
4 SNAFFLE 1330 1805 189 -365 1
9 BLUDGER 1305 4818 371 -139 3
10 BLUDGER 2275 5269 -157 171 1
T 16000 3750 500
M 1330 1805 150
194
337
Standard Error Stream:
M 1330 1805 135
M 1330 1805 135
195
337
Standard Error Stream:
2 97
2 97
7
0 WIZARD 1540 1327 172 -431 0
1 WIZARD 1443 3351 11 -264 0
2 OPPONENT_WIZARD 1308 2214 55 -290 0
3 OPPONENT_WIZARD 2506 4016 406 -405 0
4 SNAFFLE 2510 1571 885 -175 0
9 BLUDGER 1690 4555 346 -237 3
10 BLUDGER 2068 5325 -186 51 1
M 2510 1571 150
M 2510 1571 150
196
337
Standard Error Stream:
M 2510 1571 135
M 2510 1571 135
197
337
Standard Error Stream:
2 98
2 98
7
0 WIZARD 1857 933 238 -296 0
1 WIZARD 1531 2958 66 -294 0
2 OPPONENT_WIZARD 1482 1860 131 -265 0
3 OPPONENT_WIZARD 2912 3476 305 -405 0
4 SNAFFLE 3395 1396 664 -131 0
9 BLUDGER 2011 4196 289 -324 3
10 BLUDGER 1922 5257 -132 -61 1
M 3395 1396 150
M 3395 1396 150
198
337
Standard Error Stream:
M 3395 1396 135
M 3395 1396 135
199
337
Standard Error Stream:
2 99
2 99
7
0 WIZARD 2239 680 286 -190 0
1 WIZARD 1712 2568 136 -293 0
2 OPPONENT_WIZARD 1744 1563 197 -223 0
3 OPPONENT_WIZARD 3248 2939 252 -402 0
4 SNAFFLE 4059 1265 498 -98 0
9 BLUDGER 2255 3755 219 -396 3
10 BLUDGER 1851 5087 -64 -153 1
M 4059 1265 150
M 4059 1265 150
200
337
Standard Error Stream:
M 4059 1265 135
M 4059 1265 135
201
337
Standard Error Stream:
2 100
2 100
7
0 WIZARD 2668 536 322 -108 0
1 WIZARD 1979 2202 200 -274 0
2 OPPONENT_WIZARD 2075 1323 248 -180 0
3 OPPONENT_WIZARD 3559 2416 233 -393 0
4 SNAFFLE 4557 1167 374 -74 0
9 BLUDGER 2422 3245 150 -459 3
10 BLUDGER 1855 4829 4 -232 1
M 4557 1167 150
M 4557 1167 150
202
337
Standard Error Stream:
M 4557 1167 135
M 4557 1167 135
203
337
Standard Error Stream:
2 100
2 100
7
0 WIZARD 3132 476 348 -45 0
1 WIZARD 2309 1934 235 -124 0
2 OPPONENT_WIZARD 2467 1073 306 -265 0
3 OPPONENT_WIZARD 3876 1918 238 -374 0
4 SNAFFLE 4931 1093 281 -56 0
9 BLUDGER 2523 2671 91 -517 3
10 BLUDGER 1931 4495 68 -301 1
M 4931 1093 150
M 4931 1093 150
204
337
Standard Error Stream:
M 4931 1093 135
M 4931 1093 135
205
337
Standard Error Stream:
2 100
2 100
7
0 WIZARD 3880 480 768 245 0
1 WIZARD 2466 1517 10 -286 0
2 OPPONENT_WIZARD 2753 596 74 -471 0
3 OPPONENT_WIZARD 4220 1461 258 -343 0
4 SNAFFLE 5212 1037 211 -42 0
9 BLUDGER 2594 2111 70 -471 1
10 BLUDGER 2074 4094 129 -361 1
M 5212 1037 150
M 5212 1037 150
206
337
Standard Error Stream:
M 5212 1037 135
M 5212 1037 135
207
337
Standard Error Stream:
2 100
2 100
7
0 WIZARD 4653 570 539 358 0
1 WIZARD 2217 1112 -521 -228 0
2 OPPONENT_WIZARD 3207 638 514 374 0
3 OPPONENT_WIZARD 4736 1618 428 288 0
4 SNAFFLE 5423 995 158 -32 0
9 BLUDGER 2697 1588 117 -430 1
10 BLUDGER 2282 3636 187 -412 1
M 5423 995 150
M 5423 995 150
208
337
Standard Error Stream:
M 5423 995 135
M 5423 995 135
209
337
Standard Error Stream:
2 100
2 100
7
0 WIZARD 5323 1000 503 323 1
1 WIZARD 1846 879 -278 -175 0
2 OPPONENT_WIZARD 3854 1033 485 297 0
3 OPPONENT_WIZARD 5264 1815 396 148 0
4 SNAFFLE 5323 1000 503 323 1
9 BLUDGER 2873 1048 159 -486 1
10 BLUDGER 2506 3105 201 -478 1
T 16000 3750 500
M 5323 1000 150
210
337
Standard Error Stream:
M 5323 1000 135
M 5323 1000 135
211
337
Standard Error Stream:
2 100
2 100
7
0 WIZARD 5849 1040 395 17 0
1 WIZARD 1718 709 -96 -127 0
2 OPPONENT_WIZARD 4474 1327 465 220 0
3 OPPONENT_WIZARD 5647 2111 286 235 0
4 SNAFFLE 6794 1572 1104 429 0
9 BLUDGER 3157 560 256 -439 1
10 BLUDGER 2775 2522 242 -524 1
M 6794 1572 150
M 6794 1572 150
212
337
Standard Error Stream:
M 6794 1572 135
M 6794 1572 135
213
337
Standard Error Stream:
2 100
2 100
7
0 WIZARD 6375 1131 394 68 0
1 WIZARD 1770 607 39 -76 0
2 OPPONENT_WIZARD 5073 1561 449 176 0
3 OPPONENT_WIZARD 6055 2289 306 133 0
4 SNAFFLE 7898 2001 828 322 0
9 BLUDGER 3521 216 328 338 1
10 BLUDGER 3119 1926 310 -536 1
M 7898 2001 150
M 1874 715 150
214
337
Standard Error Stream:
M 7898 2001 135
M 7898 2001 135
215
337
Standard Error Stream:
2 100
2 100
7
0 WIZARD 6899 1273 393 107 0
1 WIZARD 1913 639 107 24 0
2 OPPONENT_WIZARD 5655 1758 437 148 0
3 OPPONENT_WIZARD 6494 2401 330 84 0
4 SNAFFLE 8726 2323 621 242 0
9 BLUDGER 3943 636 380 378 1
10 BLUDGER 3552 1367 390 -503 1
M 8726 2323 150
M 2058 677 150
216
337
Standard Error Stream:
M 8726 2323 135
M 8726 2323 135
217
337
Standard Error Stream:
2 100
2 100
7
0 WIZARD 7422 1455 392 136 0
1 WIZARD 2165 701 189 47 0
2 OPPONENT_WIZARD 6225 1930 427 129 0
3 OPPONENT_WIZARD 6959 2480 349 59 0
4 SNAFFLE 9347 2565 466 182 0
9 BLUDGER 4551 1035 739 285 1
10 BLUDGER 3941 935 159 -315 1
M 9347 2565 150
M 9347 2565 150
218
337
Standard Error Stream:
M 9347 2565 135
M 9347 2565 135
219
337
Standard Error Stream:
2 100
2 100
7
0 WIZARD 7944 1666 391 158 0
1 WIZARD 2499 786 251 64 0
2 OPPONENT_WIZARD 6784 2086 419 117 0
3 OPPONENT_WIZARD 7443 2544 363 48 0
4 SNAFFLE 9813 2747 350 137 0
9 BLUDGER 5400 1379 764 310 1
10 BLUDGER 4215 670 246 -239 1
M 9813 2747 150
M 9813 2747 150
220
337
Standard Error Stream:
M 9813 2747 135
M 9813 2747 135
221
337
Standard Error Stream:
2 100
2 100
7
0 WIZARD 8465 1899 391 175 0
1 WIZARD 2895 889 297 77 0
2 OPPONENT_WIZARD 7218 2151 323 47 0
3 OPPONENT_WIZARD 8058 2685 463 107 0
4 SNAFFLE 10163 2884 263 103 0
9 BLUDGER 6275 1746 788 330 1
10 BLUDGER 4570 491 320 -161 1
M 10163 2884 150
M 10163 2884 150
222
337
Standard Error Stream:
M 10163 2884 135
M 10163 2884 135
223
337
Standard Error Stream:
2 100
2 100
7
0 WIZARD 9021 2081 450 70 0
1 WIZARD 3337 1006 331 88 0
2 OPPONENT_WIZARD 7836 2276 999 243 0
3 OPPONENT_WIZARD 8621 2873 388 207 0
4 SNAFFLE 10426 2987 197 77 0
9 BLUDGER 7157 2120 714 314 2
10 BLUDGER 4996 396 383 -85 1
M 10426 2987 150
M 10426 2987 150
224
337
Standard Error Stream:
M 10426 2987 135
M 10426 2987 135
225
337
Standard Error Stream:
2 100
2 100
7
0 WIZARD 9597 2232 432 113 0
1 WIZARD 3812 1134 357 96 0
2 OPPONENT_WIZARD 8761 2345 602 -43 0
3 OPPONENT_WIZARD 9348 3298 637 413 0
4 SNAFFLE 10623 3064 148 58 0
9 BLUDGER 7982 2491 743 334 2
10 BLUDGER 5483 380 439 -14 1
M 10623 3064 150
M 10623 3064 150
226
337
Standard Error Stream:
M 10623 3064 135
M 10623 3064 135
227
337
Standard Error Stream:
2 100
2 100
7
0 WIZARD 10300 2426 559 143 0
1 WIZARD 4313 1271 376 103 0
2 OPPONENT_WIZARD 9334 2364 398 17 0
3 OPPONENT_WIZARD 10118 3687 577 291 0
4 SNAFFLE 10771 3122 111 44 0
9 BLUDGER 8833 2889 766 358 2
10 BLUDGER 6029 430 492 45 1
M 10771 3122 150
M 10771 3122 150
228
337
Standard Error Stream:
M 10771 3122 135
M 10771 3122 135
229
337
Standard Error Stream:
2 100
2 100
7
0 WIZARD 10943 2693 482 200 0
1 WIZARD 4833 1415 390 108 0
2 OPPONENT_WIZARD 9851 2444 388 60 0
3 OPPONENT_WIZARD 10797 3890 509 152 0
4 SNAFFLE 10882 3166 83 33 0
9 BLUDGER 9705 3313 785 382 2
10 BLUDGER 6629 538 540 97 1
M 10882 3166 150
M 10882 3166 150
230
337
Standard Error Stream:
M 10882 3166 135
M 10882 3166 135
231
337
Standard Error Stream:
2 100
2 100
7
0 WIZARD 11406 3042 347 262 0
1 WIZARD 5367 1565 401 112 0
2 OPPONENT_WIZARD 10350 2581 374 103 0
3 OPPONENT_WIZARD 11322 3908 394 13 0
4 SNAFFLE 10965 3199 62 25 0
9 BLUDGER 10601 3753 806 396 2
10 BLUDGER 7277 699 583 145 1
M 10965 3199 150
M 10965 3199 150
232
337
Standard Error Stream:
M 10965 3199 135
M 10965 3199 135
233
337
Standard Error Stream:
2 100
2 100
7
0 WIZARD 11640 2997 180 -86 0
1 WIZARD 5912 1719 409 116 0
2 OPPONENT_WIZARD 10819 2780 352 149 0
3 OPPONENT_WIZARD 12519 4254 1068 330 0
4 SNAFFLE 11027 3224 47 19 0
9 BLUDGER 11418 4163 709 366 3
10 BLUDGER 7967 909 621 189 1
M 11027 3224 150
M 11027 3224 150
234
337
Standard Error Stream:
M 11027 3224 135
M 11027 3224 135
235
337
Standard Error Stream:
2 100
2 100
7
0 WIZARD 12050 3050 343 48 0
1 WIZARD 6465 1877 415 119 0
2 OPPONENT_WIZARD 10857 2964 -7 130 1
3 OPPONENT_WIZARD 13476 4507 718 190 0
4 SNAFFLE 10857 2964 -7 130 1
9 BLUDGER 12150 4406 659 219 3
10 BLUDGER 8693 1167 653 232 1
M 10857 2964 150
M 10857 2964 150
236
337
Standard Error Stream:
T 0 3750 500
M 10857 2964 135
237
337
Standard Error Stream:
2 100
2 100
7
0 WIZARD 12243 3087 145 28 0
1 WIZARD 7026 2032 420 116 0
2 OPPONENT_WIZARD 10850 3094 -5 98 0
3 OPPONENT_WIZARD 14078 4628 451 91 0
4 SNAFFLE 9853 3166 -753 152 0
9 BLUDGER 12800 4500 585 85 3
10 BLUDGER 9442 1479 674 281 1
M 12096 3059 150
M 9853 3166 150
238
337
Standard Error Stream:
M 10729 3005 135
M 9853 3166 135
239
337
Standard Error Stream:
2 100
2 100
7
0 WIZARD 12241 3087 -2 0 0
1 WIZARD 7585 2204 419 129 0
2 OPPONENT_WIZARD 10736 3112 -85 14 0
3 OPPONENT_WIZARD 14401 4675 243 35 0
4 SNAFFLE 9100 3318 -565 114 0
9 BLUDGER 13339 4469 485 -28 3
10 BLUDGER 10198 1854 681 338 1
M 12091 3098 150
M 9100 3318 150
240
337
Standard Error Stream:
M 10587 3127 135
M 9100 3318 135
241
337
Standard Error Stream:
2 100
2 100
7
0 WIZARD 12089 3098 -114 8 0
1 WIZARD 8125 2422 405 163 0
2 OPPONENT_WIZARD 10517 3140 -164 21 0
3 OPPONENT_WIZARD 14513 4677 84 1 0
4 SNAFFLE 8535 3432 -424 86 0
9 BLUDGER 13746 4343 367 -113 3
10 BLUDGER 10928 2307 657 408 1
M 11940 3115 150
M 8535 3432 150
242
337
Standard Error Stream:
M 8535 3432 135
M 14364 4662 135
243
337
Standard Error Stream:
2 100
2 100
7
0 WIZARD 12074 3333 799 864 0
1 WIZARD 8586 2724 346 226 0
2 OPPONENT_WIZARD 10219 3181 -223 31 0
3 OPPONENT_WIZARD 14463 4664 -38 -9 0
4 SNAFFLE 8111 3518 -318 65 0
9 BLUDGER 14013 4155 240 -169 3
10 BLUDGER 11499 2801 392 341 0
M 8111 3518 150
M 8111 3518 150
244
337
Standard Error Stream:
M 8111 3518 135
M 14315 4639 135
245
337
Standard Error Stream:
2 100
2 100
7
0 WIZARD 12723 4204 487 653 0
1 WIZARD 8855 3079 202 266 0
2 OPPONENT_WIZARD 9863 3233 -267 39 0
3 OPPONENT_WIZARD 14292 4633 -128 -24 0
4 SNAFFLE 7793 3583 -239 49 0
9 BLUDGER 14138 3937 112 -196 3
10 BLUDGER 11771 3178 245 339 0
M 7793 3583 150
M 7793 3583 150
246
337
Standard Error Stream:
M 7793 3583 135
M 14143 4612 135
247
337
Standard Error Stream:
2 100
2 100
7
0 WIZARD 13061 4838 254 476 0
1 WIZARD 8658 3398 -308 233 0
2 OPPONENT_WIZARD 9727 3306 58 61 0
3 OPPONENT_WIZARD 14030 4590 -196 -32 0
4 SNAFFLE 7554 3632 -179 37 0
9 BLUDGER 14127 3764 -10 -156 3
10 BLUDGER 11891 3521 108 308 0
M 7554 3632 150
M 7554 3632 150
248
337
Standard Error Stream:
M 9585 3258 135
M 7554 3632 135
249
337
Standard Error Stream:
2 100
2 100
7
0 WIZARD 13168 5282 81 333 0
1 WIZARD 8203 3662 -341 198 0
2 OPPONENT_WIZARD 9657 3324 -52 13 0
3 OPPONENT_WIZARD 13700 4538 -247 -39 0
4 SNAFFLE 7375 3669 -134 28 0
9 BLUDGER 14029 3697 -88 -61 3
10 BLUDGER 11875 3817 -15 266 0
M 7375 3669 150
M 7375 3669 150
250
337
Standard Error Stream:
M 9508 3341 135
M 7375 3669 135
251
337
Standard Error Stream:
2 100
2 100
7
0 WIZARD 13104 5575 -48 220 0
1 WIZARD 7712 3861 -368 149 0
2 OPPONENT_WIZARD 9471 3352 -140 21 0
3 OPPONENT_WIZARD 13319 4481 -286 -43 0
4 SNAFFLE 7241 3697 -101 21 0
9 BLUDGER 13881 3746 -133 44 3
10 BLUDGER 11976 4129 91 281 0
M 7241 3697 150
M 7241 3697 150
252
337
Standard Error Stream:
M 9323 3376 135
M 7241 3697 135
253
337
Standard Error Stream:
2 100
2 100
7
0 WIZARD 12913 5749 -143 131 0
1 WIZARD 7202 3961 -382 75 1
2 OPPONENT_WIZARD 9198 3395 -205 32 0
3 OPPONENT_WIZARD 12899 4421 -315 -45 0
4 SNAFFLE 7202 3961 -382 75 1
9 BLUDGER 13699 3905 -164 143 3
10 BLUDGER 12188 4442 191 281 0
M 7202 3961 150
T 16000 3750 500
254
337
Standard Error Stream:
M 7202 3961 135
M 7202 3961 135
255
337
Standard Error Stream:
2 100
2 100
7
0 WIZARD 12627 5835 -215 65 0
1 WIZARD 6820 4036 -287 56 0
2 OPPONENT_WIZARD 8863 3464 -251 52 0
3 OPPONENT_WIZARD 13251 4688 805 372 0
4 SNAFFLE 7820 4012 463 38 0
9 BLUDGER 13598 4092 -2 112 3
10 BLUDGER 12291 4750 -77 308 3
M 7820 4012 150
M 7820 4012 150
256
337
Standard Error Stream:
M 7820 4012 135
M 7820 4012 135
257
337
Standard Error Stream:
2 100
2 100
7
0 WIZARD 12272 5847 -266 9 0
1 WIZARD 6683 4088 -103 39 0
2 OPPONENT_WIZARD 8492 3579 -278 86 0
3 OPPONENT_WIZARD 13922 5043 503 266 0
4 SNAFFLE 8283 4050 347 29 0
9 BLUDGER 13535 4313 -57 199 3
10 BLUDGER 12251 5177 -36 385 3
M 8283 4050 150
M 6828 4048 150
258
337
Standard Error Stream:
M 8283 4050 135
M 8283 4050 135
259
337
Standard Error Stream:
2 100
2 100
7
0 WIZARD 11833 6643 -333 688 0
1 WIZARD 6725 4087 31 -1 0
2 OPPONENT_WIZARD 8159 3788 -250 157 0
3 OPPONENT_WIZARD 14292 5286 278 182 0
4 SNAFFLE 8630 4079 260 22 0
9 BLUDGER 13399 4609 -123 266 3
10 BLUDGER 12223 5581 -24 350 0
M 8630 4079 150
M 6875 4087 150
260
337
Standard Error Stream:
M 8630 4079 135
M 8630 4079 135
261
337
Standard Error Stream:
2 100
2 100
7
0 WIZARD 11383 6963 -338 -446 0
1 WIZARD 6906 4086 136 -1 0
2 OPPONENT_WIZARD 8024 4016 -101 171 0
3 OPPONENT_WIZARD 14438 5440 109 115 0
4 SNAFFLE 8890 4101 195 17 0
9 BLUDGER 13200 4974 -179 329 3
10 BLUDGER 12323 5913 90 299 0
M 8890 4101 150
M 7056 4089 150
262
337
Standard Error Stream:
M 8890 4101 135
M 8890 4101 135
263
337
Standard Error Stream:
2 100
2 100
7
0 WIZARD 10946 6404 -327 -419 0
1 WIZARD 7192 4088 214 1 0
2 OPPONENT_WIZARD 8057 4200 25 138 0
3 OPPONENT_WIZARD 14416 5523 -17 62 0
4 SNAFFLE 9085 4118 146 13 0
9 BLUDGER 12937 5395 -237 379 3
10 BLUDGER 12535 6185 191 245 0
M 9085 4118 150
M 9085 4118 150
264
337
Standard Error Stream:
M 8101 4057 135
M 14301 5426 135
265
337
Standard Error Stream:
2 100
2 100
7
0 WIZARD 10524 5869 -316 -401 0
1 WIZARD 7335 4060 54 -29 0
2 OPPONENT_WIZARD 8343 4241 268 38 0
3 OPPONENT_WIZARD 14296 5498 -90 -19 0
4 SNAFFLE 9231 4131 110 10 0
9 BLUDGER 12589 5831 -314 392 3
10 BLUDGER 12844 6389 278 183 0
M 9231 4131 150
M 7480 4096 150
266
337
Standard Error Stream:
M 9231 4131 135
M 14153 5454 135
267
337
Standard Error Stream:
2 100
2 100
7
0 WIZARD 10118 5348 -304 -391 0
1 WIZARD 7535 4067 150 5 0
2 OPPONENT_WIZARD 8745 4262 301 16 0
3 OPPONENT_WIZARD 14077 5439 -164 -44 0
4 SNAFFLE 9341 4141 83 8 0
9 BLUDGER 12150 6225 -395 355 3
10 BLUDGER 13229 6507 346 106 0
M 9341 4141 150
M 9341 4141 150
268
337
Standard Error Stream:
M 9341 4141 135
M 14021 5300 135
269
337
Standard Error Stream:
2 100
2 100
7
0 WIZARD 9733 4831 -289 -388 0
1 WIZARD 7835 4078 225 8 0
2 OPPONENT_WIZARD 9178 4251 325 -8 1
3 OPPONENT_WIZARD 13863 5270 -161 -127 0
4 SNAFFLE 9178 4251 325 -8 1
9 BLUDGER 11640 6530 -459 275 3
10 BLUDGER 13653 6515 381 7 0
M 9178 4251 150
M 9178 4251 150
270
337
Standard Error Stream:
T 0 3750 500
M 9178 4251 135
271
337
Standard Error Stream:
2 100
2 100
7
0 WIZARD 9925 4946 145 88 0
1 WIZARD 8209 4105 280 20 1
2 OPPONENT_WIZARD 8918 3631 -196 -466 0
3 OPPONENT_WIZARD 13570 5114 -220 -117 0
4 SNAFFLE 8209 4105 280 20 1
9 BLUDGER 11088 6722 -497 173 3
10 BLUDGER 14055 6399 362 -105 0
M 8209 4105 150
T 16000 3750 500
272
337
Standard Error Stream:
M 8209 4105 135
M 8209 4105 135
273
337
Standard Error Stream:
2 100
2 100
7
0 WIZARD 9935 4968 8 16 0
1 WIZARD 8423 4199 140 94 0
2 OPPONENT_WIZARD 8675 3166 -161 -373 0
3 OPPONENT_WIZARD 13217 4972 -265 -106 0
4 SNAFFLE 9488 4079 959 -19 0
9 BLUDGER 10523 6790 -509 62 3
10 BLUDGER 14373 6177 286 -200 0
M 9868 4834 150
M 9488 4079 150
274
337
Standard Error Stream:
M 9488 4079 135
M 9488 4079 135
275
337
Standard Error Stream:
2 100
2 100
7
0 WIZARD 9876 4850 -44 -89 0
1 WIZARD 8712 4276 217 58 0
2 OPPONENT_WIZARD 8604 2894 -53 -204 0
3 OPPONENT_WIZARD 12821 4835 -297 -103 0
4 SNAFFLE 10447 4060 719 -14 0
9 BLUDGER 9976 6733 -493 -51 3
10 BLUDGER 14572 5887 180 -261 0
M 10018 4803 150
M 10447 4060 150
276
337
Standard Error Stream:
M 10447 4060 135
M 10447 4060 135
277
337
Standard Error Stream:
2 100
2 100
7
0 WIZARD 9974 4714 74 -102 0
1 WIZARD 9078 4315 274 30 0
2 OPPONENT_WIZARD 8665 2762 46 -99 0
3 OPPONENT_WIZARD 12396 4690 -319 -109 0
4 SNAFFLE 11166 4046 539 -11 0
9 BLUDGER 9476 6557 -450 -158 3
10 BLUDGER 14645 5562 66 -293 0
M 10122 4691 150
M 11166 4046 150
278
337
Standard Error Stream:
M 8707 2906 135
M 11166 4046 135
279
337
Standard Error Stream:
2 100
2 100
7
0 WIZARD 10249 4610 332 -28 0
1 WIZARD 9448 4305 152 -57 0
2 OPPONENT_WIZARD 8749 2793 63 23 0
3 OPPONENT_WIZARD 11957 4518 -329 -129 0
4 SNAFFLE 11705 4035 404 -8 0
9 BLUDGER 9059 6278 -376 -251 3
10 BLUDGER 14594 5224 -45 -304 0
M 11705 4035 150
M 11705 4035 150
280
337
Standard Error Stream:
M 8886 2854 135
M 11705 4035 135
281
337
Standard Error Stream:
2 100
2 100
7
0 WIZARD 10721 4527 354 -62 0
1 WIZARD 9749 4230 226 -56 0
2 OPPONENT_WIZARD 8935 2871 140 58 0
3 OPPONENT_WIZARD 11566 4269 -294 -187 1
4 SNAFFLE 11566 4269 -294 -187 1
9 BLUDGER 8707 5904 -317 -336 3
10 BLUDGER 14428 4888 -149 -303 0
M 11566 4269 150
M 11566 4269 150
282
337
Standard Error Stream:
M 11566 4269 135
T 0 3750 500
283
337
Standard Error Stream:
2 100
2 100
7
0 WIZARD 10747 4705 125 245 0
1 WIZARD 9996 4106 22 -183 1
2 OPPONENT_WIZARD 9194 2992 194 91 0
3 OPPONENT_WIZARD 11872 3869 288 -320 0
4 SNAFFLE 9996 4106 22 -183 1
9 BLUDGER 8456 5462 -226 -398 3
10 BLUDGER 14157 4559 -244 -296 0
M 9996 4106 150
T 16000 3750 500
284
337
Standard Error Stream:
M 9996 4106 135
M 9996 4106 135
285
337
Standard Error Stream:
2 100
2 100
7
0 WIZARD 10755 4856 6 114 0
1 WIZARD 10018 3923 17 -137 0
2 OPPONENT_WIZARD 9467 3193 205 150 0
3 OPPONENT_WIZARD 12026 3566 116 -227 0
4 SNAFFLE 11016 3864 765 -182 0
9 BLUDGER 8324 4981 -119 -433 3
10 BLUDGER 13793 4227 -327 -299 0
M 10758 4706 150
M 10090 4055 150
286
337
Standard Error Stream:
M 11016 3864 135
M 11016 3864 135
287
337
Standard Error Stream:
2 100
2 100
7
0 WIZARD 10764 4820 7 -27 0
1 WIZARD 10220 4077 201 185 0
2 OPPONENT_WIZARD 9683 3237 113 -37 0
3 OPPONENT_WIZARD 12013 3377 -10 -142 1
4 SNAFFLE 12013 3377 -10 -142 1
9 BLUDGER 8311 4482 -12 -449 3
10 BLUDGER 13349 3884 -400 -309 0
M 10871 4715 150
M 12013 3377 150
288
337
Standard Error Stream:
M 9824 3289 135
T 0 3750 500
289
337
Standard Error Stream:
2 100
2 100
7
0 WIZARD 11009 4871 236 112 0
1 WIZARD 10430 4025 105 -113 0
2 OPPONENT_WIZARD 9923 3247 180 7 0
3 OPPONENT_WIZARD 12003 3235 -8 -107 0
4 SNAFFLE 11003 3266 -757 -83 0
9 BLUDGER 8392 3949 73 -480 3
10 BLUDGER 12832 3531 -465 -318 0
M 11003 3266 150
M 11003 3266 150
290
337
Standard Error Stream:
M 11003 3266 135
M 11901 3345 135
291
337
Standard Error Stream:
2 100
2 100
7
0 WIZARD 11244 4833 177 -28 0
1 WIZARD 10703 3907 259 -9 0
2 OPPONENT_WIZARD 10160 3141 124 -159 1
3 OPPONENT_WIZARD 11429 3130 -785 -151 0
4 SNAFFLE 10160 3141 124 -159 1
9 BLUDGER 8579 3417 168 -479 3
10 BLUDGER 12309 3183 -418 -302 3
M 10160 3141 150
M 10160 3141 150
292
337
Standard Error Stream:
T 0 3750 500
M 10160 3141 135
293
337
Standard Error Stream:
2 100
2 100
7
0 WIZARD 11340 4679 72 -116 0
1 WIZARD 10875 3776 129 -99 0
2 OPPONENT_WIZARD 9709 2987 -690 -113 0
3 OPPONENT_WIZARD 11084 2975 93 -119 0
4 SNAFFLE 9286 3042 -656 -74 0
9 BLUDGER 8870 2917 262 -450 3
10 BLUDGER 11777 2932 -479 -226 3
M 11205 4745 150
M 9286 3042 150
294
337
Standard Error Stream:
M 9286 3042 135
M 9286 3042 135
295
337
Standard Error Stream:
2 100
2 100
7
0 WIZARD 11277 4629 -47 -38 0
1 WIZARD 10824 3841 -48 100 0
2 OPPONENT_WIZARD 9757 3428 -316 663 0
3 OPPONENT_WIZARD 10760 2493 -278 -916 0
4 SNAFFLE 9761 3559 452 438 0
9 BLUDGER 9019 2397 84 -483 2
10 BLUDGER 11306 2785 -322 -95 3
M 11152 4546 150
M 10752 3709 150
296
337
Standard Error Stream:
M 9761 3559 135
M 9761 3559 135
297
337
Standard Error Stream:
2 100
2 100
7
0 WIZARD 11105 4508 -129 -91 0
1 WIZARD 10704 3809 -90 -24 0
2 OPPONENT_WIZARD 9445 4226 -234 598 1
3 OPPONENT_WIZARD 10390 1676 -278 -613 0
4 SNAFFLE 9445 4226 -234 598 1
9 BLUDGER 9228 1921 188 -429 2
10 BLUDGER 10932 2804 -337 17 3
M 9445 4226 150
M 10586 3902 150
298
337
Standard Error Stream:
T 0 3750 500
M 9445 4226 135
299
337
Standard Error Stream:
2 100
2 100
7
0 WIZARD 10924 4558 -134 41 0
1 WIZARD 10401 3712 -230 -77 0
2 OPPONENT_WIZARD 9211 4824 -176 449 0
3 OPPONENT_WIZARD 10073 1185 406 -702 0
4 SNAFFLE 8212 4774 -925 411 0
9 BLUDGER 9537 1467 182 -359 3
10 BLUDGER 10567 2943 -328 125 3
M 10775 4540 150
M 8212 4774 150
300
337
Standard Error Stream:
M 8212 4774 135
M 8212 4774 135
301
337
Standard Error Stream:
2 100
2 100
7
0 WIZARD 10641 4581 -212 17 0
1 WIZARD 10005 3803 -368 303 0
2 OPPONENT_WIZARD 8900 5266 -233 332 0
3 OPPONENT_WIZARD 10417 603 258 -437 0
4 SNAFFLE 7287 5185 -694 308 0
9 BLUDGER 9764 1225 204 -218 3
10 BLUDGER 10217 3177 -305 176 1
M 7287 5185 150
M 7287 5185 150
302
337
Standard Error Stream:
M 7287 5185 135
M 7287 5185 135
303
337
Standard Error Stream:
2 100
2 100
7
0 WIZARD 10281 4625 -270 33 0
1 WIZARD 9503 4174 -376 278 0
2 OPPONENT_WIZARD 8532 5591 -276 244 0
3 OPPONENT_WIZARD 10599 523 136 244 0
4 SNAFFLE 6593 5493 -521 231 0
9 BLUDGER 9980 1131 194 -84 3
10 BLUDGER 9948 3473 -242 266 1
M 6593 5493 150
M 6593 5493 150
304
337
Standard Error Stream:
M 6593 5493 135
M 6593 5493 135
305
337
Standard Error Stream:
2 100
2 100
7
0 WIZARD 9865 4692 -312 51 0
1 WIZARD 8990 4514 -384 255 0
2 OPPONENT_WIZARD 8121 5828 -308 178 0
3 OPPONENT_WIZARD 10683 851 343 67 0
4 SNAFFLE 6072 5724 -391 173 0
9 BLUDGER 10151 1173 112 65 3
10 BLUDGER 9741 3859 -187 347 1
M 6072 5724 150
M 6072 5724 150
306
337
Standard Error Stream:
M 6072 5724 135
M 6072 5724 135
307
337
Standard Error Stream:
2 100
2 100
7
0 WIZARD 9387 5020 -385 536 0
1 WIZARD 8467 4826 -392 234 0
2 OPPONENT_WIZARD 7678 5999 -332 128 0
3 OPPONENT_WIZARD 10933 1016 188 124 0
4 SNAFFLE 5681 5897 -293 130 0
9 BLUDGER 10253 1363 92 171 3
10 BLUDGER 9575 4300 -145 353 0
M 5681 5897 150
M 5681 5897 150
308
337
Standard Error Stream:
M 5681 5897 135
M 5681 5897 135
309
337
Standard Error Stream:
2 100
2 100
7
0 WIZARD 8856 5591 -398 428 0
1 WIZARD 7935 5114 -399 216 0
2 OPPONENT_WIZARD 7211 6120 -350 91 0
3 OPPONENT_WIZARD 11022 1232 67 162 0
4 SNAFFLE 5388 6027 -220 98 0
9 BLUDGER 10316 1656 57 263 3
10 BLUDGER 9317 4707 -232 366 0
M 5388 6027 150
M 5388 6027 150
310
337
Standard Error Stream:
M 5388 6027 135
M 5388 6027 135
311
337
Standard Error Stream:
2 100
2 100
7
0 WIZARD 8309 6038 -410 335 0
1 WIZARD 7395 5381 -405 200 0
2 OPPONENT_WIZARD 6726 6204 -364 63 0
3 OPPONENT_WIZARD 10986 1481 -27 187 0
4 SNAFFLE 5168 6125 -165 74 0
9 BLUDGER 10330 2036 12 342 3
10 BLUDGER 8965 5108 -317 361 0
M 5168 6125 150
M 5168 6125 150
312
337
Standard Error Stream:
M 5168 6125 135
M 5168 6125 135
313
337
Standard Error Stream:
2 100
2 100
7
0 WIZARD 7749 6377 -420 254 0
1 WIZARD 6848 5629 -410 186 0
2 OPPONENT_WIZARD 6227 6260 -374 42 0
3 OPPONENT_WIZARD 10853 1752 -99 203 0
4 SNAFFLE 5003 6199 -124 56 0
9 BLUDGER 10260 2472 -63 392 3
10 BLUDGER 8525 5490 -396 344 0
M 5003 6199 150
M 5003 6199 150
314
337
Standard Error Stream:
M 5003 6199 135
M 5003 6199 135
315
337
Standard Error Stream:
2 100
2 100
7
0 WIZARD 7179 6621 -427 183 0
1 WIZARD 6361 5801 -313 82 0
2 OPPONENT_WIZARD 5652 6354 -483 117 0
3 OPPONENT_WIZARD 10647 2037 -155 214 0
4 SNAFFLE 4879 6255 -93 42 0
9 BLUDGER 10129 2969 -118 447 3
10 BLUDGER 8004 5844 -469 319 0
M 4879 6255 150
M 4879 6255 150
316
337
Standard Error Stream:
M 4879 6255 135
M 4879 6255 135
317
337
Standard Error Stream:
2 100
2 100
7
0 WIZARD 6604 6780 -431 120 0
1 WIZARD 5905 5927 -342 94 0
2 OPPONENT_WIZARD 5035 6454 -463 75 1
3 OPPONENT_WIZARD 10383 2331 -198 220 0
4 SNAFFLE 5035 6454 -463 75 1
9 BLUDGER 9932 3513 -177 490 3
10 BLUDGER 7410 6160 -535 284 0
M 5035 6454 150
M 5035 6454 150
318
337
Standard Error Stream:
T 0 3750 500
M 5035 6454 135
319
337
Standard Error Stream:
2 100
2 100
7
0 WIZARD 6026 6869 -433 67 0
1 WIZARD 5435 6099 -353 129 0
2 OPPONENT_WIZARD 4572 6529 -347 56 0
3 OPPONENT_WIZARD 10078 2633 -229 227 0
4 SNAFFLE 3691 6056 -1008 -299 0
9 BLUDGER 9666 4091 -240 520 3
10 BLUDGER 6751 6425 -593 238 0
M 3691 6056 150
M 3691 6056 150
320
337
Standard Error Stream:
M 3691 6056 135
M 3691 6056 135
321
337
Standard Error Stream:
2 100
2 100
7
0 WIZARD 5451 6887 -431 13 0
1 WIZARD 4932 6224 -377 94 0
2 OPPONENT_WIZARD 4106 6521 -349 -6 0
3 OPPONENT_WIZARD 9730 2924 -261 218 0
4 SNAFFLE 2683 5757 -756 -224 0
9 BLUDGER 9327 4687 -305 536 3
10 BLUDGER 6037 6633 -643 187 0
M 2683 5757 150
M 2683 5757 150
322
337
Standard Error Stream:
M 2683 5757 135
M 2683 5757 135
323
337
Standard Error Stream:
2 100
2 100
7
0 WIZARD 4630 7089 -639 -222 0
1 WIZARD 4383 6134 -361 -130 0
2 OPPONENT_WIZARD 3571 6476 -476 -6 0
3 OPPONENT_WIZARD 9344 3192 -290 201 0
4 SNAFFLE 1927 5533 -567 -168 0
9 BLUDGER 8913 5285 -372 538 3
10 BLUDGER 5320 6759 -638 111 0
M 1927 5533 150
M 1927 5533 150
324
337
Standard Error Stream:
M 1927 5533 135
M 1927 5533 135
325
337
Standard Error Stream:
2 100
2 100
7
0 WIZARD 3861 6792 -577 -223 0
1 WIZARD 3876 5968 -380 -124 0
2 OPPONENT_WIZARD 2978 6403 -445 -55 0
3 OPPONENT_WIZARD 8925 3434 -314 181 0
4 SNAFFLE 1360 5365 -425 -126 0
9 BLUDGER 8418 5846 -445 505 3
10 BLUDGER 4578 6801 -668 37 0
M 1360 5365 150
M 1360 5365 150
326
337
Standard Error Stream:
M 1360 5365 135
M 1360 5365 135
327
337
Standard Error Stream:
2 100
2 100
7
0 WIZARD 3146 6628 -538 -101 0
1 WIZARD 3358 5676 -387 -242 0
2 OPPONENT_WIZARD 2419 6275 -419 -96 0
3 OPPONENT_WIZARD 8480 3648 -334 161 0
4 SNAFFLE 935 5239 -319 -95 0
9 BLUDGER 7848 6354 -513 458 3
10 BLUDGER 3829 6742 -674 -53 0
M 935 5239 150
M 935 5239 150
328
337
Standard Error Stream:
M 935 5239 135
M 935 5239 135
329
337
Standard Error Stream:
2 100
2 100
7
0 WIZARD 2425 6485 -668 -125 0
1 WIZARD 2823 5407 -401 -201 0
2 OPPONENT_WIZARD 1753 6035 -507 -184 0
3 OPPONENT_WIZARD 8014 3837 -350 142 0
4 SNAFFLE 616 5144 -239 -71 0
9 BLUDGER 7211 6793 -573 395 3
10 BLUDGER 3128 6578 -610 -144 0
M 616 5144 150
M 616 5144 150
330
337
Standard Error Stream:
M 616 5144 135
M 616 5144 135
331
337
Standard Error Stream:
2 100
2 100
7
0 WIZARD 1756 6353 -494 -94 0
1 WIZARD 2273 5188 -412 -164 0
2 OPPONENT_WIZARD 1020 5685 -557 -267 0
3 OPPONENT_WIZARD 7531 4002 -362 124 0
4 SNAFFLE 377 5073 -179 -53 0
9 BLUDGER 6519 7150 -623 322 3
10 BLUDGER 2486 6313 -577 -238 0
M 377 5073 150
M 377 5073 150
332
337
Standard Error Stream:
M 377 5073 135
M 377 5073 135
333
337
Standard Error Stream:
2 100
2 100
7
0 WIZARD 1152 6157 -453 -147 0
1 WIZARD 1711 5015 -421 -130 0
2 OPPONENT_WIZARD 732 5171 151 -540 0
3 OPPONENT_WIZARD 7035 4146 -372 108 0
4 SNAFFLE 198 5020 -134 -40 0
9 BLUDGER 5783 7180 -663 -243 3
10 BLUDGER 1886 5952 -540 -325 0
M 198 5020 150
M 198 5020 150
334
337
Standard Error Stream:
M 198 5020 135
M 198 5020 135
335
337
Standard Error Stream:
2 100
2 100
7
0 WIZARD 758 5936 455 35 0
1 WIZARD 1561 4875 24 -109 0
2 OPPONENT_WIZARD 467 4605 437 -421 0
3 OPPONENT_WIZARD 6529 4271 -379 94 0
4 SNAFFLE 64 4980 -101 -30 0
9 BLUDGER 5010 6878 -696 -272 3
10 BLUDGER 1323 5504 -507 -403 0
M 64 4980 150
M 1464 4989 150
336
337
Standard Error Stream:
M 64 4980 135
M 64 4980 135
337
337
C




2069
2070
2071
2072
2073
2074
2075
2076
2077
2078
2079
2080
2081
2082
2083
2084
2085
2086
2087
2088
2089
2090
2091
2092
2093
2094
2095
2096
2097
2098
2099
2100
2101
2102
2103
2104
2105
2106
2107
        //}
        //gms1[0] = gms[0];
        //simThrow = 0;
        //simFrom(0);
    }
    window = S2D_CreateWindow(
        "Fantastic Bits", (int)(width / zoom), (int)(height / zoom), update, render, 0
    );
    window->background.r = 1.0;
    window->background.g = 1.0;
    window->background.b = 1.0;
    window->on_key = on_key;
    gmIx = startTick % gmC;
    *liveGm = gms1[gmIx];
    S2D_Show(window);
    S2D_FreeWindow(window);
}
#endif
int main(int argc, char *argv[])
{
    start = clock();
    mkPole(&poles[0], 0, goalY - goalR);
    mkPole(&poles[1], 0, goalY + goalR);
    mkPole(&poles[2], width, goalY - goalR);
    mkPole(&poles[3], width, goalY + goalR);
    if (lcl)
    {
        runLocal();
    }
    else
    {
        battle();
    }
    return 0;
}
PLAYERSOPTIONS
 
MANUAL
AUTO

seed=48040792

Actions
PLAY MY CODE REPLAY IN SAME CONDITIONS  SUBMIT
