131
0 0
0 0
11
0 WIZARD 1000 5250 0 0 0
1 WIZARD 1000 2250 0 0 0
2 OPPONENT_WIZARD 15000 2250 0 0 0
3 OPPONENT_WIZARD 15000 5250 0 0 0
4 SNAFFLE 3681 6650 0 0 0
5 SNAFFLE 12319 850 0 0 0
6 SNAFFLE 6944 3294 0 0 0
7 SNAFFLE 9056 4206 0 0 0
8 SNAFFLE 8000 3750 0 0 0
9 BLUDGER 7450 3750 0 0 -1
10 BLUDGER 8550 3750 0 0 -1
M 1133 5319 150
M 1078 2378 150
002
131
Standard Error Stream:
M 14867 2181 135
M 14922 5122 135
003
131
Standard Error Stream:
0 1
0 1
11
0 WIZARD 1133 5319 100 52 0
1 WIZARD 1078 2378 59 96 0
2 OPPONENT_WIZARD 14880 2188 -90 -47 0
3 OPPONENT_WIZARD 14930 5135 -53 -86 0
4 SNAFFLE 3681 6650 0 0 0
5 SNAFFLE 12319 850 0 0 0
6 SNAFFLE 6944 3294 0 0 0
7 SNAFFLE 9056 4206 0 0 0
8 SNAFFLE 8000 3750 0 0 0
9 BLUDGER 7328 3778 -110 25 -1
10 BLUDGER 8672 3722 110 -25 -1
M 1266 5389 150
M 1156 2506 150
004
131
Standard Error Stream:
M 14747 2119 135
M 14852 5007 135
005
131
Standard Error Stream:
0 2
0 2
11
0 WIZARD 1366 5441 175 91 0
1 WIZARD 1215 2602 103 168 0
2 OPPONENT_WIZARD 14670 2079 -157 -82 0
3 OPPONENT_WIZARD 14807 4934 -92 -151 0
4 SNAFFLE 3681 6650 0 0 0
5 SNAFFLE 12319 850 0 0 0
6 SNAFFLE 6944 3294 0 0 0
7 SNAFFLE 9056 4206 0 0 0
8 SNAFFLE 8000 3750 0 0 0
9 BLUDGER 7097 3833 -208 50 -1
10 BLUDGER 8903 3667 208 -49 -1
M 1476 5543 150
M 1232 2751 150
006
131
Standard Error Stream:
M 14541 2002 135
M 14730 4805 135
007
131
Standard Error Stream:
0 3
0 3
11
0 WIZARD 1651 5634 214 145 0
1 WIZARD 1335 2919 90 238 0
2 OPPONENT_WIZARD 14397 1928 -205 -113 0
3 OPPONENT_WIZARD 14646 4667 -121 -200 0
4 SNAFFLE 3681 6650 0 0 0
5 SNAFFLE 12319 850 0 0 0
6 SNAFFLE 6944 3294 0 0 0
7 SNAFFLE 9056 4206 0 0 0
8 SNAFFLE 8000 3750 0 0 0
9 BLUDGER 6769 3917 -296 75 -1
10 BLUDGER 9232 3585 296 -74 -1
M 3681 6650 150
M 3681 6650 150
008
131
Standard Error Stream:
M 12319 850 135
M 14514 4595 135
009
131
Standard Error Stream:
0 4
0 4
11
0 WIZARD 1999 5846 261 159 0
1 WIZARD 1505 3284 127 274 0
2 OPPONENT_WIZARD 14072 1753 -244 -131 0
3 OPPONENT_WIZARD 14406 4402 -180 -198 0
4 SNAFFLE 3681 6650 0 0 0
5 SNAFFLE 12319 850 0 0 0
6 SNAFFLE 6944 3294 0 0 0
7 SNAFFLE 9056 4206 0 0 0
8 SNAFFLE 8000 3750 0 0 0
9 BLUDGER 6354 4032 -373 103 -1
10 BLUDGER 9647 3473 374 -101 -1
M 3681 6650 150
M 3681 6650 150
010
131
Standard Error Stream:
M 12319 850 135
M 12319 850 135
011
131
Standard Error Stream:
0 5
0 5
11
0 WIZARD 2395 6070 297 168 0
1 WIZARD 1713 3684 156 300 0
2 OPPONENT_WIZARD 13708 1560 -273 -145 0
3 OPPONENT_WIZARD 14158 4088 -186 -236 0
4 SNAFFLE 3681 6650 0 0 0
5 SNAFFLE 12319 850 0 0 0
6 SNAFFLE 6944 3294 0 0 0
7 SNAFFLE 9056 4206 0 0 0
8 SNAFFLE 8000 3750 0 0 0
9 BLUDGER 5866 4183 -440 136 -1
10 BLUDGER 10138 3327 441 -132 -1
M 3681 6650 150
M 3681 6650 150
012
131
Standard Error Stream:
M 12319 850 135
M 12319 850 135
013
131
Standard Error Stream:
0 6
0 6
11
0 WIZARD 2829 6300 325 172 0
1 WIZARD 1952 4109 179 319 0
2 OPPONENT_WIZARD 13315 1354 -295 -155 0
3 OPPONENT_WIZARD 13905 3735 -190 -265 0
4 SNAFFLE 3681 6650 0 0 0
5 SNAFFLE 12319 850 0 0 0
6 SNAFFLE 6944 3294 0 0 0
7 SNAFFLE 9056 4206 0 0 0
8 SNAFFLE 8000 3750 0 0 0
9 BLUDGER 5316 4379 -495 176 -1
10 BLUDGER 10691 3140 498 -169 -1
M 3681 6650 150
M 3681 6650 150
014
131
Standard Error Stream:
M 12319 850 135
M 12319 850 135
015
131
Standard Error Stream:
0 7
0 7
11
0 WIZARD 3293 6529 348 172 0
1 WIZARD 2215 4552 198 332 0
2 OPPONENT_WIZARD 12900 1138 -312 -162 0
3 OPPONENT_WIZARD 13650 3352 -191 -287 0
4 SNAFFLE 3681 6650 0 0 0
5 SNAFFLE 12319 850 0 0 0
6 SNAFFLE 6944 3294 0 0 0
7 SNAFFLE 9056 4206 0 0 0
8 SNAFFLE 8000 3750 0 0 0
9 BLUDGER 4722 4631 -535 227 -1
10 BLUDGER 11292 2901 541 -215 -1
M 3681 6650 150
M 3681 6650 150
016
131
Standard Error Stream:
M 12319 850 135
M 12319 850 135
017
131
Standard Error Stream:
0 8
0 8
11
0 WIZARD 3784 6746 368 162 1
1 WIZARD 2499 5007 213 341 0
2 OPPONENT_WIZARD 12467 916 -325 -166 1
3 OPPONENT_WIZARD 13396 2946 -191 -305 0
4 SNAFFLE 3784 6746 368 162 1
5 SNAFFLE 12467 916 -325 -166 1
6 SNAFFLE 6944 3294 0 0 0
7 SNAFFLE 9056 4206 0 0 0
8 SNAFFLE 8000 3750 0 0 0
9 BLUDGER 4112 4958 -549 294 -1
10 BLUDGER 11917 2594 563 -277 -1
T 16000 3750 500
M 3784 6746 150
018
131
Standard Error Stream:
T 0 3750 500
M 12467 916 135
019
131
Standard Error Stream:
0 9
0 9
11
0 WIZARD 4152 6908 276 122 0
1 WIZARD 2801 5469 227 346 0
2 OPPONENT_WIZARD 12142 750 -244 -125 0
3 OPPONENT_WIZARD 13193 2532 1016 51 0
4 SNAFFLE 5123 6670 1004 -57 0
5 SNAFFLE 11167 972 -975 42 0
6 SNAFFLE 6944 3294 0 0 0
7 SNAFFLE 9056 4206 0 0 0
8 SNAFFLE 8000 3750 0 0 0
9 BLUDGER 3438 5256 -607 268 -1
10 BLUDGER 12596 2344 436 -279 3
M 5123 6670 150
M 5123 6670 150
020
131
Standard Error Stream:
M 11167 972 135
M 11167 972 135
021
131
Standard Error Stream:
0 10
0 10
11
0 WIZARD 4574 6994 316 65 0
1 WIZARD 1674 6472 -933 787 0
2 OPPONENT_WIZARD 11766 655 -282 -71 0
3 OPPONENT_WIZARD 14102 2501 682 -24 0
4 SNAFFLE 6127 6613 753 -43 0
5 SNAFFLE 10192 1014 -731 32 0
6 SNAFFLE 6944 3294 0 0 0
7 SNAFFLE 9056 4206 0 0 0
8 SNAFFLE 8000 3750 0 0 0
9 BLUDGER 2898 5490 -473 205 1
10 BLUDGER 12998 1945 362 -359 3
M 6127 6613 150
M 6127 6613 150
022
131
Standard Error Stream:
M 10192 1014 135
M 10192 1014 135
023
131
Standard Error Stream:
0 11
0 11
11
0 WIZARD 5036 7023 346 22 0
1 WIZARD 891 6936 -587 -594 0
2 OPPONENT_WIZARD 11352 614 -310 -31 0
3 OPPONENT_WIZARD 14658 2429 417 -54 0
4 SNAFFLE 6880 6570 565 -32 0
5 SNAFFLE 9461 1046 -548 24 0
6 SNAFFLE 6944 3294 0 0 0
7 SNAFFLE 9056 4206 0 0 0
8 SNAFFLE 8000 3750 0 0 0
9 BLUDGER 2518 5778 -342 260 1
10 BLUDGER 13274 1496 248 -404 3
M 6880 6570 150
M 6880 6570 150
024
131
Standard Error Stream:
M 9461 1046 135
M 9461 1046 135
025
131
Standard Error Stream:
0 12
0 12
11
0 WIZARD 5528 7009 369 -10 0
1 WIZARD 454 6333 -328 -452 0
2 OPPONENT_WIZARD 10910 613 -331 -1 0
3 OPPONENT_WIZARD 14945 2340 215 -67 0
4 SNAFFLE 7445 6538 424 -24 0
5 SNAFFLE 8913 1070 -411 18 0
6 SNAFFLE 6944 3294 0 0 0
7 SNAFFLE 9056 4206 0 0 0
8 SNAFFLE 8000 3750 0 0 0
9 BLUDGER 2288 6093 -207 284 1
10 BLUDGER 13408 1040 121 -411 3
M 7445 6538 150
M 7445 6538 150
026
131
Standard Error Stream:
M 8913 1070 135
M 8913 1070 135
027
131
Standard Error Stream:
0 13
0 13
11
0 WIZARD 6043 6963 386 -34 0
1 WIZARD 805 6542 299 202 0
2 OPPONENT_WIZARD 10447 642 -347 22 0
3 OPPONENT_WIZARD 15028 2245 62 -71 0
4 SNAFFLE 7869 6514 318 -18 0
5 SNAFFLE 8502 1088 -308 14 0
6 SNAFFLE 6944 3294 0 0 0
7 SNAFFLE 9056 4206 0 0 0
8 SNAFFLE 8000 3750 0 0 0
9 BLUDGER 2201 6411 -78 286 1
10 BLUDGER 13406 608 -2 -389 3
M 7869 6514 150
M 6944 3294 150
028
131
Standard Error Stream:
M 8502 1088 135
M 14908 2335 135
029
131
Standard Error Stream:
0 14
0 14
11
0 WIZARD 6575 6893 399 -52 0
1 WIZARD 1237 6674 324 99 0
2 OPPONENT_WIZARD 9968 694 -359 39 0
3 OPPONENT_WIZARD 14982 2255 -35 8 0
4 SNAFFLE 8187 6496 239 -14 0
5 SNAFFLE 8194 1102 -231 11 0
6 SNAFFLE 6944 3294 0 0 0
7 SNAFFLE 9056 4206 0 0 0
8 SNAFFLE 8000 3750 0 0 0
9 BLUDGER 2247 6715 41 273 1
10 BLUDGER 13279 220 -114 -349 3
M 8187 6496 150
M 6944 3294 150
030
131
Standard Error Stream:
M 8194 1102 135
M 14841 2305 135
031
131
Standard Error Stream:
0 15
0 15
11
0 WIZARD 7120 6805 408 -66 0
1 WIZARD 1690 6697 340 17 0
2 OPPONENT_WIZARD 9477 763 -368 52 0
3 OPPONENT_WIZARD 14820 2308 -122 40 0
4 SNAFFLE 8426 6482 179 -11 0
5 SNAFFLE 7963 1113 -173 8 0
6 SNAFFLE 6944 3294 0 0 0
7 SNAFFLE 9056 4206 0 0 0
8 SNAFFLE 8000 3750 0 0 0
9 BLUDGER 2413 6993 149 250 1
10 BLUDGER 13041 511 -214 298 3
M 8426 6482 150
M 6944 3294 150
032
131
Standard Error Stream:
M 7963 1113 135
M 14678 2355 135
033
131
Standard Error Stream:
0 16
0 16
11
0 WIZARD 7674 6703 415 -77 0
1 WIZARD 2156 6632 349 -48 0
2 OPPONENT_WIZARD 8977 845 -375 62 0
3 OPPONENT_WIZARD 14570 2390 -188 62 0
4 SNAFFLE 8605 6471 134 -8 0
5 SNAFFLE 7790 1121 -130 6 0
6 SNAFFLE 6944 3294 0 0 0
7 SNAFFLE 9056 4206 0 0 0
8 SNAFFLE 8000 3750 0 0 0
9 BLUDGER 2687 7238 247 221 1
10 BLUDGER 12702 818 -305 276 3
M 8605 6471 150
M 6944 3294 150
034
131
Standard Error Stream:
M 7790 1121 135
M 14425 2428 135
035
131
Standard Error Stream:
0 17
0 17
11
0 WIZARD 8235 6590 420 -85 0
1 WIZARD 2628 6498 354 -100 0
2 OPPONENT_WIZARD 8471 938 -380 69 0
3 OPPONENT_WIZARD 14251 2486 -239 72 0
4 SNAFFLE 8739 6463 101 -6 0
5 SNAFFLE 7660 1127 -98 5 0
6 SNAFFLE 6944 3294 0 0 0
7 SNAFFLE 9056 4206 0 0 0
8 SNAFFLE 8000 3750 0 0 0
9 BLUDGER 3058 7154 334 -187 1
10 BLUDGER 12272 1095 -387 249 3
M 8739 6463 150
M 6944 3294 150
036
131
Standard Error Stream:
M 7660 1127 135
M 9056 4206 135
037
131
Standard Error Stream:
0 18
0 18
11
0 WIZARD 8800 6468 424 -91 1
1 WIZARD 3102 6309 356 -142 0
2 OPPONENT_WIZARD 7960 1038 -384 75 0
3 OPPONENT_WIZARD 13884 2600 -275 86 0
4 SNAFFLE 8800 6468 424 -91 1
5 SNAFFLE 7562 1132 -74 4 0
6 SNAFFLE 6944 3294 0 0 0
7 SNAFFLE 9056 4206 0 0 0
8 SNAFFLE 8000 3750 0 0 0
9 BLUDGER 3516 6953 412 -180 1
10 BLUDGER 11760 1339 -461 219 3
T 16000 3750 500
M 6944 3294 150
038
131
Standard Error Stream:
M 7562 1132 135
M 9056 4206 135
039
131
Standard Error Stream:
0 19
0 19
11
0 WIZARD 9224 6377 318 -68 0
1 WIZARD 3576 6074 356 -176 0
2 OPPONENT_WIZARD 7445 1144 -387 80 1
3 OPPONENT_WIZARD 13481 2729 -302 96 0
4 SNAFFLE 10160 6024 1020 -333 0
5 SNAFFLE 7445 1144 -387 80 1
6 SNAFFLE 6944 3294 0 0 0
7 SNAFFLE 9056 4206 0 0 0
8 SNAFFLE 8000 3750 0 0 0
9 BLUDGER 4052 6762 483 -172 1
10 BLUDGER 11174 1548 -527 188 3
M 10160 6024 150
M 6944 3294 150
040
131
Standard Error Stream:
T 0 3750 500
M 9056 4206 135
041
131
Standard Error Stream:
0 20
0 20
11
0 WIZARD 9682 6256 344 -91 0
1 WIZARD 4048 5803 354 -204 0
2 OPPONENT_WIZARD 7058 1224 -290 60 0
3 OPPONENT_WIZARD 13051 2868 -323 104 0
4 SNAFFLE 11180 5691 765 -250 0
5 SNAFFLE 6114 1554 -998 308 0
6 SNAFFLE 6944 3294 0 0 0
7 SNAFFLE 9056 4206 0 0 0
8 SNAFFLE 8000 3750 0 0 0
9 BLUDGER 4660 6581 547 -163 1
10 BLUDGER 10523 1723 -586 157 3
M 11180 5691 150
M 6944 3294 150
042
131
Standard Error Stream:
M 6114 1554 135
M 11180 5691 135
043
131
Standard Error Stream:
0 21
0 21
11
0 WIZARD 10166 6112 363 -108 0
1 WIZARD 4515 5501 351 -227 0
2 OPPONENT_WIZARD 6641 1329 -313 78 0
3 OPPONENT_WIZARD 12653 3085 -298 162 0
4 SNAFFLE 11945 5441 574 -188 0
5 SNAFFLE 5116 1862 -749 231 0
6 SNAFFLE 6944 3294 0 0 0
7 SNAFFLE 9056 4206 0 0 0
8 SNAFFLE 8000 3750 0 0 0
9 BLUDGER 5332 6410 605 -154 1
10 BLUDGER 9813 1862 -639 125 3
M 11945 5441 150
M 6944 3294 150
044
131
Standard Error Stream:
M 5116 1862 135
M 11945 5441 135
045
131
Standard Error Stream:
0 22
0 22
11
0 WIZARD 10669 5951 378 -121 0
1 WIZARD 4977 5173 347 -246 0
2 OPPONENT_WIZARD 6201 1452 -330 92 0
3 OPPONENT_WIZARD 12316 3376 -253 218 0
4 SNAFFLE 12519 5253 431 -141 0
5 SNAFFLE 4367 2093 -562 173 0
6 SNAFFLE 6944 3294 0 0 0
7 SNAFFLE 9056 4206 0 0 0
8 SNAFFLE 8000 3750 0 0 0
9 BLUDGER 6062 6248 657 -146 1
10 BLUDGER 9051 1966 -686 94 3
M 12519 5253 150
M 6944 3294 150
046
131
Standard Error Stream:
M 4367 2093 135
M 12519 5253 135
047
131
Standard Error Stream:
0 23
0 23
11
0 WIZARD 11187 5777 389 -130 0
1 WIZARD 5432 4823 342 -262 0
2 OPPONENT_WIZARD 5744 1589 -343 102 0
3 OPPONENT_WIZARD 12078 3728 -179 264 0
4 SNAFFLE 12950 5112 323 -106 0
5 SNAFFLE 3805 2266 -422 130 0
6 SNAFFLE 6944 3294 0 0 0
7 SNAFFLE 9056 4206 0 0 0
8 SNAFFLE 8000 3750 0 0 0
9 BLUDGER 6844 6094 704 -139 1
10 BLUDGER 8242 2038 -728 65 3
M 12950 5112 150
M 6944 3294 150
048
131
Standard Error Stream:
M 3805 2266 135
M 12950 5112 135
049
131
Standard Error Stream:
0 24
0 24
11
0 WIZARD 11716 5594 397 -137 0
1 WIZARD 5879 4454 336 -276 0
2 OPPONENT_WIZARD 5274 1736 -353 110 0
3 OPPONENT_WIZARD 11971 4106 -80 284 0
4 SNAFFLE 13273 5006 242 -80 0
5 SNAFFLE 3383 2396 -317 98 0
6 SNAFFLE 6944 3294 0 0 0
7 SNAFFLE 9056 4206 0 0 0
8 SNAFFLE 8000 3750 0 0 0
9 BLUDGER 7673 5946 746 -133 1
10 BLUDGER 7391 2081 -766 39 3
M 13273 5006 150
M 6944 3294 150
050
131
Standard Error Stream:
M 3383 2396 135
M 13273 5006 135
051
131
Standard Error Stream:
0 25
0 25
11
0 WIZARD 12253 5404 403 -142 0
1 WIZARD 6316 4068 328 -290 0
2 OPPONENT_WIZARD 4794 1890 -360 116 0
3 OPPONENT_WIZARD 12002 4467 23 271 0
4 SNAFFLE 13515 4926 182 -60 0
5 SNAFFLE 3066 2494 -238 74 0
6 SNAFFLE 6944 3294 0 0 0
7 SNAFFLE 9056 4206 0 0 0
8 SNAFFLE 8000 3750 0 0 0
9 BLUDGER 8544 5802 783 -129 1
10 BLUDGER 6502 2100 -800 17 3
M 13515 4926 150
M 6944 3294 150
052
131
Standard Error Stream:
M 3066 2494 135
M 13515 4926 135
053
131
Standard Error Stream:
0 26
0 26
11
0 WIZARD 12842 5269 491 -36 0
1 WIZARD 6739 3662 317 -305 0
2 OPPONENT_WIZARD 4307 2051 -366 120 0
3 OPPONENT_WIZARD 12109 4717 31 123 0
4 SNAFFLE 13697 4866 137 -45 0
5 SNAFFLE 2828 2568 -179 56 0
6 SNAFFLE 6944 3294 0 0 0
7 SNAFFLE 9056 4206 0 0 0
8 SNAFFLE 8000 3750 0 0 0
9 BLUDGER 9444 5628 810 -157 1
10 BLUDGER 5578 2102 -832 2 3
M 13697 4866 150
M 6944 3294 150
054
131
Standard Error Stream:
M 2828 2568 135
M 12210 4606 135
055
131
Standard Error Stream:
0 27
0 27
11
0 WIZARD 13469 5169 470 -75 0
1 WIZARD 7129 3226 292 -327 1
2 OPPONENT_WIZARD 3814 2216 -370 123 0
3 OPPONENT_WIZARD 12231 4740 91 17 0
4 SNAFFLE 13834 4821 103 -34 0
5 SNAFFLE 2649 2624 -134 42 0
6 SNAFFLE 7129 3226 292 -327 1
7 SNAFFLE 9056 4206 0 0 0
8 SNAFFLE 8000 3750 0 0 0
9 BLUDGER 10372 5431 835 -178 1
10 BLUDGER 4621 2099 -861 -3 3
M 13834 4821 150
T 16000 3750 500
056
131
Standard Error Stream:
M 2649 2624 135
M 12381 4735 135
057
131
Standard Error Stream:
0 28
0 28
11
0 WIZARD 14048 4990 434 -134 1
1 WIZARD 7421 2899 219 -245 0
2 OPPONENT_WIZARD 2961 2503 -895 302 0
3 OPPONENT_WIZARD 12457 4753 169 9 0
4 SNAFFLE 14048 4990 434 -134 1
5 SNAFFLE 2515 2666 -101 32 0
6 SNAFFLE 8419 2958 968 -201 0
7 SNAFFLE 9056 4206 0 0 0
8 SNAFFLE 8000 3750 0 0 0
9 BLUDGER 11324 5209 857 -199 1
10 BLUDGER 3681 2099 -808 -13 2
T 16000 3750 500
M 8419 2958 150
058
131
Standard Error Stream:
M 2515 2666 135
M 14048 4990 135
059
131
Standard Error Stream:
0 29
0 29
11
0 WIZARD 14482 4856 326 -101 0
1 WIZARD 7790 2663 277 -177 0
2 OPPONENT_WIZARD 1939 2851 -766 261 1
3 OPPONENT_WIZARD 12930 4715 1125 -333 0
4 SNAFFLE 15326 4320 959 -503 0
5 SNAFFLE 1939 2851 -766 261 1
6 SNAFFLE 9387 2757 726 -151 0
7 SNAFFLE 9056 4206 0 0 0
8 SNAFFLE 8000 3750 0 0 0
9 BLUDGER 12276 4972 741 -168 3
10 BLUDGER 2995 2112 -617 12 2
M 15326 4320 150
M 8000 3750 150
060
131
Standard Error Stream:
T 0 3750 500
M 15326 4320 135
061
131
Standard Error Stream:
1 30
0 30
10
0 WIZARD 14935 4675 339 -136 0
1 WIZARD 8095 2633 229 -22 0
2 OPPONENT_WIZARD 1173 3112 -575 196 0
3 OPPONENT_WIZARD 14188 4360 944 -266 0
5 SNAFFLE 266 3533 -1255 511 0
6 SNAFFLE 10113 2606 545 -113 0
7 SNAFFLE 9056 4206 0 0 0
8 SNAFFLE 8000 3750 0 0 0
9 BLUDGER 13142 4797 779 -157 3
10 BLUDGER 2502 2138 -444 24 2
M 10113 2606 150
M 8000 3750 150
062
131
Standard Error Stream:
M 266 3533 135
M 10113 2606 135
063
131
Standard Error Stream:
1 31
1 31
9
0 WIZARD 15598 4682 -508 8 0
1 WIZARD 8311 2760 162 96 0
2 OPPONENT_WIZARD 476 3365 -523 190 0
3 OPPONENT_WIZARD 14542 3839 258 -394 0
6 SNAFFLE 10658 2493 409 -85 0
7 SNAFFLE 9056 4206 0 0 0
8 SNAFFLE 8000 3750 0 0 0
9 BLUDGER 14046 4632 813 -149 3
10 BLUDGER 2183 2173 -288 32 2
M 10658 2493 150
M 8000 3750 150
064
131
Standard Error Stream:
M 8000 3750 135
M 10658 2493 135
065
131
Standard Error Stream:
1 32
1 32
9
0 WIZARD 15380 4938 650 1669 0
1 WIZARD 8428 2999 88 179 0
2 OPPONENT_WIZARD 712 3562 291 148 0
3 OPPONENT_WIZARD 14672 3401 98 -329 0
6 SNAFFLE 11067 2408 307 -64 0
7 SNAFFLE 9056 4206 0 0 0
8 SNAFFLE 8000 3750 0 0 0
9 BLUDGER 14827 4448 212 -387 0
10 BLUDGER 2019 2217 -147 40 2
M 11067 2408 150
M 8000 3750 150
066
131
Standard Error Stream:
M 8000 3750 135
M 11067 2408 135
067
131
Standard Error Stream:
1 33
1 33
9
0 WIZARD 14205 4944 -1218 -311 0
1 WIZARD 8442 3308 10 232 0
2 OPPONENT_WIZARD 1138 3713 319 114 0
3 OPPONENT_WIZARD 14640 3036 -24 -274 0
6 SNAFFLE 11374 2344 230 -48 0
7 SNAFFLE 9056 4206 0 0 0
8 SNAFFLE 8000 3750 0 0 0
9 BLUDGER 15021 3937 174 -460 0
10 BLUDGER 1996 2272 -21 50 2
M 11374 2344 150
M 8000 3750 150
068
131
Standard Error Stream:
M 8000 3750 135
M 11374 2344 135
069
131
Standard Error Stream:
1 34
1 34
9
0 WIZARD 12877 4532 -996 -309 0
1 WIZARD 8346 3646 -72 254 1
2 OPPONENT_WIZARD 1592 3828 340 86 0
3 OPPONENT_WIZARD 14484 2734 -117 -226 0
6 SNAFFLE 11604 2296 173 -36 0
7 SNAFFLE 9056 4206 0 0 0
8 SNAFFLE 8346 3646 -72 254 1
9 BLUDGER 15146 3362 113 -518 0
10 BLUDGER 2098 2342 92 63 2
M 11604 2296 150
T 16000 3750 500
070
131
Standard Error Stream:
M 8346 3646 135
M 11604 2296 135
071
131
Standard Error Stream:
1 35
1 35
9
0 WIZARD 11807 4093 -803 -330 0
1 WIZARD 8274 3900 -54 191 0
2 OPPONENT_WIZARD 2067 3910 356 62 0
3 OPPONENT_WIZARD 14234 2488 -188 -185 0
6 SNAFFLE 11777 2260 130 -27 0
7 SNAFFLE 9056 4206 0 0 0
8 SNAFFLE 9274 3914 696 201 0
9 BLUDGER 15168 2758 20 -544 0
10 BLUDGER 2312 2431 193 80 2
M 11777 2260 150
M 9056 4206 150
072
131
Standard Error Stream:
M 9056 4206 135
M 11777 2260 135
073
131
Standard Error Stream:
1 36
1 36
9
0 WIZARD 11002 3613 -604 -360 0
1 WIZARD 8360 4146 64 184 0
2 OPPONENT_WIZARD 2558 3978 368 51 0
3 OPPONENT_WIZARD 13912 2291 -242 -148 0
6 SNAFFLE 11907 2233 98 -20 0
7 SNAFFLE 9056 4206 0 0 0
8 SNAFFLE 9970 4115 522 151 0
9 BLUDGER 15068 2179 -90 -521 0
10 BLUDGER 2626 2541 283 99 2
M 9970 4115 150
M 9056 4206 150
074
131
Standard Error Stream:
M 9056 4206 135
M 11907 2233 135
075
131
Standard Error Stream:
1 37
1 37
9
0 WIZARD 10263 3319 -554 -221 0
1 WIZARD 8573 4343 160 148 0
2 OPPONENT_WIZARD 3061 4034 377 42 0
3 OPPONENT_WIZARD 13535 2139 -283 -114 0
6 SNAFFLE 12005 2213 74 -15 0
7 SNAFFLE 9056 4206 0 0 0
8 SNAFFLE 10492 4266 392 113 0
9 BLUDGER 14854 1670 -193 -458 0
10 BLUDGER 3029 2674 363 119 2
M 10492 4266 150
M 9056 4206 150
076
131
Standard Error Stream:
M 9056 4206 135
M 12005 2213 135
077
131
Standard Error Stream:
1 38
1 38
9
0 WIZARD 9744 3244 -389 -56 0
1 WIZARD 8877 4450 228 80 1
2 OPPONENT_WIZARD 3573 4080 384 34 0
3 OPPONENT_WIZARD 13117 2032 -313 -81 0
6 SNAFFLE 12079 2198 56 -11 0
7 SNAFFLE 8877 4450 228 80 1
8 SNAFFLE 10884 4379 294 85 0
9 BLUDGER 14543 1254 -280 -375 0
10 BLUDGER 3512 2829 434 140 2
M 8877 4450 150
T 16000 3750 500
078
131
Standard Error Stream:
M 8877 4450 135
M 12079 2198 135
079
131
Standard Error Stream:
1 39
1 39
9
0 WIZARD 9267 3310 -357 49 0
1 WIZARD 9105 4530 171 60 0
2 OPPONENT_WIZARD 4092 4123 389 33 0
3 OPPONENT_WIZARD 12671 1972 -335 -45 0
6 SNAFFLE 12135 2187 42 -8 0
7 SNAFFLE 10100 4432 917 -13 0
8 SNAFFLE 11178 4464 221 64 0
9 BLUDGER 14153 939 -351 -284 0
10 BLUDGER 4066 3005 498 159 2
M 10100 4432 150
M 10100 4432 150
080
131
Standard Error Stream:
M 10100 4432 135
M 12135 2187 135
081
131
Standard Error Stream:
1 40
1 40
9
0 WIZARD 8999 3479 -201 127 0
1 WIZARD 9425 4575 240 34 0
2 OPPONENT_WIZARD 4616 4163 393 30 0
3 OPPONENT_WIZARD 12211 1977 -345 4 1
6 SNAFFLE 12211 1977 -345 4 1
7 SNAFFLE 11017 4419 688 -10 0
8 SNAFFLE 11399 4528 166 48 0
9 BLUDGER 13699 726 -408 -191 0
10 BLUDGER 4689 3171 561 150 2
M 11017 4419 150
M 11017 4419 150
082
131
Standard Error Stream:
M 11017 4419 135
T 0 3750 500
083
131
Standard Error Stream:
1 41
1 41
9
0 WIZARD 8934 3669 -49 143 0
1 WIZARD 9814 4594 292 15 0
2 OPPONENT_WIZARD 5144 4198 396 27 0
3 OPPONENT_WIZARD 11866 1981 -259 3 0
6 SNAFFLE 10876 2125 -1001 111 0
7 SNAFFLE 11375 4264 204 -145 0
8 SNAFFLE 11895 4721 436 173 0
9 BLUDGER 13195 615 -453 -100 0
10 BLUDGER 5375 3330 617 143 2
M 10876 2125 150
M 11375 4264 150
084
131
Standard Error Stream:
M 10876 2125 135
M 10876 2125 135
085
131
Standard Error Stream:
1 42
1 42
9
0 WIZARD 9002 3719 51 37 0
1 WIZARD 10253 4578 329 -12 0
2 OPPONENT_WIZARD 5667 4179 392 -14 0
3 OPPONENT_WIZARD 11473 2003 -294 17 0
6 SNAFFLE 9875 2236 -751 83 0
7 SNAFFLE 11579 4119 153 -109 0
8 SNAFFLE 12331 4894 327 130 0
9 BLUDGER 12655 605 -486 -9 0
10 BLUDGER 6116 3485 667 139 2
M 9017 3570 150
M 11579 4119 150
086
131
Standard Error Stream:
M 9875 2236 135
M 9875 2236 135
087
131
Standard Error Stream:
1 43
1 43
9
0 WIZARD 9068 3607 50 -84 0
1 WIZARD 10724 4517 353 -46 0
2 OPPONENT_WIZARD 6182 4108 386 -53 0
3 OPPONENT_WIZARD 11045 2039 -321 27 0
6 SNAFFLE 9124 2319 -563 62 0
7 SNAFFLE 11732 4010 115 -82 0
8 SNAFFLE 12658 5024 245 98 0
9 BLUDGER 12088 691 -510 78 0
10 BLUDGER 6908 3634 712 134 2
M 9028 3462 150
M 11732 4010 150
088
131
Standard Error Stream:
M 9124 2319 135
M 9124 2319 135
089
131
Standard Error Stream:
1 44
1 44
9
0 WIZARD 9078 3378 8 -171 0
1 WIZARD 11211 4404 365 -85 0
2 OPPONENT_WIZARD 6683 3985 376 -92 0
3 OPPONENT_WIZARD 10590 2085 -341 35 0
6 SNAFFLE 8561 2381 -422 47 0
7 SNAFFLE 11847 3928 86 -62 0
8 SNAFFLE 12903 5122 184 74 0
9 BLUDGER 11502 868 -528 159 0
10 BLUDGER 7745 3766 753 119 2
M 8561 2381 150
M 11847 3928 150
090
131
Standard Error Stream:
M 8561 2381 135
M 8561 2381 135
091
131
Standard Error Stream:
1 45
1 45
9
0 WIZARD 9017 3074 -46 -228 0
1 WIZARD 11696 4229 364 -131 0
2 OPPONENT_WIZARD 7162 3805 359 -135 0
3 OPPONENT_WIZARD 10115 2139 -356 41 0
6 SNAFFLE 8139 2428 -317 35 0
7 SNAFFLE 11933 3866 65 -47 0
8 SNAFFLE 13087 5196 138 56 0
9 BLUDGER 10899 1127 -543 233 0
10 BLUDGER 8618 3850 786 76 2
M 8139 2428 150
M 11933 3866 150
092
131
Standard Error Stream:
M 8139 2428 135
M 8139 2428 135
093
131
Standard Error Stream:
1 46
1 46
9
0 WIZARD 8850 2757 -125 -238 0
1 WIZARD 12142 3972 335 -192 1
2 OPPONENT_WIZARD 7599 3560 328 -184 0
3 OPPONENT_WIZARD 9625 2200 -367 45 0
6 SNAFFLE 7822 2463 -238 26 0
7 SNAFFLE 12142 3972 335 -192 1
8 SNAFFLE 13225 5252 104 42 0
9 BLUDGER 10279 1459 -558 299 0
10 BLUDGER 9461 3815 759 -32 2
M 7822 2463 150
T 16000 3750 500
094
131
Standard Error Stream:
M 7822 2463 135
M 7822 2463 135
095
131
Standard Error Stream:
1 47
1 47
9
0 WIZARD 8380 2567 -588 -622 0
1 WIZARD 12477 3780 251 -144 0
2 OPPONENT_WIZARD 7923 3287 -320 593 0
3 OPPONENT_WIZARD 9147 2334 -69 279 0
6 SNAFFLE 7584 2489 -179 20 0
7 SNAFFLE 13475 3723 1000 -187 0
8 SNAFFLE 13329 5294 78 32 0
9 BLUDGER 9664 1826 -477 256 3
10 BLUDGER 10157 3675 627 -126 2
M 7584 2489 150
M 13475 3723 150
096
131
Standard Error Stream:
M 7584 2489 135
M 7584 2489 135
097
131
Standard Error Stream:
1 48
1 48
9
0 WIZARD 7643 1930 -553 -477 0
1 WIZARD 12878 3627 301 -114 0
2 OPPONENT_WIZARD 7550 3756 -280 352 0
3 OPPONENT_WIZARD 8818 2811 -330 480 0
6 SNAFFLE 7405 2509 -134 15 0
7 SNAFFLE 14475 3536 750 -140 0
8 SNAFFLE 13407 5326 59 24 0
9 BLUDGER 9094 2121 -500 248 3
10 BLUDGER 10709 3449 497 -203 2
M 7405 2509 150
M 14475 3536 150
098
131
Standard Error Stream:
M 7405 2509 135
M 7405 2509 135
099
131
Standard Error Stream:
1 49
1 49
9
0 WIZARD 7033 1592 -458 -254 0
1 WIZARD 13329 3504 338 -92 0
2 OPPONENT_WIZARD 7254 3974 -222 163 0
3 OPPONENT_WIZARD 8356 3263 -347 339 0
6 SNAFFLE 7271 2524 -101 11 0
7 SNAFFLE 15225 3396 563 -105 0
8 SNAFFLE 13466 5350 44 18 0
9 BLUDGER 8470 2353 -562 209 3
10 BLUDGER 11088 3206 341 -219 2
M 7271 2524 150
M 13466 5350 150
100
131
Standard Error Stream:
M 7271 2524 135
M 7271 2524 135
101
131
Standard Error Stream:
1 50
1 50
9
0 WIZARD 6612 1483 -316 -81 0
1 WIZARD 13678 3562 262 43 0
2 OPPONENT_WIZARD 7034 4002 -165 21 0
3 OPPONENT_WIZARD 7897 3526 -344 197 0
6 SNAFFLE 7170 2535 -76 8 0
7 SNAFFLE 15788 3291 422 -79 0
8 SNAFFLE 13510 5368 33 14 0
9 BLUDGER 7798 2503 -605 135 3
10 BLUDGER 11553 3003 418 -182 2
M 7170 2535 150
M 13510 5368 150
102
131
Standard Error Stream:
M 7170 2535 135
M 7170 2535 135
103
131
Standard Error Stream:
2 51
1 51
8
0 WIZARD 6366 1535 -184 39 0
1 WIZARD 13926 3754 186 144 0
2 OPPONENT_WIZARD 6749 3956 -337 29 0
3 OPPONENT_WIZARD 7605 3547 -95 -48 0
6 SNAFFLE 6443 2565 -939 36 0
8 SNAFFLE 13543 5382 25 11 0
9 BLUDGER 7139 2555 -564 46 3
10 BLUDGER 12092 2853 485 -135 2
M 6443 2565 150
M 13543 5382 150
104
131
Standard Error Stream:
M 6443 2565 135
M 7508 3433 135
105
131
Standard Error Stream:
2 52
1 52
8
0 WIZARD 6193 1724 -130 141 0
1 WIZARD 14078 4044 114 218 0
2 OPPONENT_WIZARD 6383 3853 -275 -77 0
3 OPPONENT_WIZARD 7423 3396 -137 -113 0
6 SNAFFLE 5504 2601 -704 27 0
8 SNAFFLE 13568 5393 19 8 0
9 BLUDGER 6500 2501 -576 -48 3
10 BLUDGER 12689 2773 537 -72 2
M 5504 2601 150
M 13568 5393 150
106
131
Standard Error Stream:
M 5504 2601 135
M 5504 2601 135
107
131
Standard Error Stream:
2 53
1 53
8
0 WIZARD 5867 1507 -308 -455 0
1 WIZARD 14139 4402 46 269 0
2 OPPONENT_WIZARD 6030 3666 -264 -141 0
3 OPPONENT_WIZARD 7161 3231 -196 -124 0
6 SNAFFLE 4800 2628 -528 20 0
8 SNAFFLE 13587 5401 14 6 0
9 BLUDGER 5891 2396 -539 -50 0
10 BLUDGER 13318 2785 566 11 2
M 4800 2628 150
M 13587 5401 150
108
131
Standard Error Stream:
M 4800 2628 135
M 4800 2628 135
109
131
Standard Error Stream:
2 54
1 54
8
0 WIZARD 5456 1161 -309 -260 0
1 WIZARD 14112 4802 -20 300 0
2 OPPONENT_WIZARD 5663 3438 -275 -171 0
3 OPPONENT_WIZARD 6834 3074 -245 -118 0
6 SNAFFLE 4272 2648 -396 15 0
8 SNAFFLE 13601 5407 11 5 0
9 BLUDGER 5366 2470 -473 67 0
10 BLUDGER 13941 2907 560 110 2
M 4272 2648 150
M 13601 5407 150
110
131
Standard Error Stream:
M 4272 2648 135
M 4272 2648 135
111
131
Standard Error Stream:
2 55
1 55
8
0 WIZARD 5054 1018 -302 -107 0
1 WIZARD 13995 5217 -88 311 0
2 OPPONENT_WIZARD 5271 3200 -294 -178 0
3 OPPONENT_WIZARD 6456 2934 -284 -105 0
6 SNAFFLE 3876 2663 -297 11 0
8 SNAFFLE 13612 5412 8 4 0
9 BLUDGER 4930 2657 -393 168 0
10 BLUDGER 14512 3141 514 211 2
M 3876 2663 150
M 13612 5412 150
112
131
Standard Error Stream:
M 3876 2663 135
M 3876 2663 135
113
131
Standard Error Stream:
2 56
1 56
8
0 WIZARD 4665 1033 -292 11 0
1 WIZARD 13773 5596 -166 284 1
2 OPPONENT_WIZARD 5272 3605 31 350 0
3 OPPONENT_WIZARD 6038 2815 -314 -89 0
6 SNAFFLE 3579 2674 -223 8 0
8 SNAFFLE 13773 5596 -166 284 1
9 BLUDGER 4551 2852 -346 169 2
10 BLUDGER 14996 3473 435 299 2
M 3579 2674 150
T 16000 3750 500
114
131
Standard Error Stream:
M 3579 2674 135
M 3579 2674 135
115
131
Standard Error Stream:
2 57
1 57
8
0 WIZARD 4290 1169 -281 102 0
1 WIZARD 13607 5880 -125 213 0
2 OPPONENT_WIZARD 5185 3890 -65 214 0
3 OPPONENT_WIZARD 5589 2718 -337 -73 0
6 SNAFFLE 3356 2682 -167 6 0
8 SNAFFLE 14377 5242 453 -266 0
9 BLUDGER 4330 3018 -199 149 2
10 BLUDGER 15369 3880 335 367 2
M 3356 2682 150
M 14377 5242 150
116
131
Standard Error Stream:
M 3356 2682 135
M 3356 2682 135
117
131
Standard Error Stream:
2 58
1 58
8
0 WIZARD 3930 1399 -270 172 0
1 WIZARD 13598 5997 -7 88 0
2 OPPONENT_WIZARD 5007 4030 -133 105 0
3 OPPONENT_WIZARD 5117 2643 -354 -56 0
6 SNAFFLE 3189 2688 -125 5 0
8 SNAFFLE 14830 4976 340 -200 0
9 BLUDGER 4253 3138 -70 108 2
10 BLUDGER 15621 4341 227 415 2
M 3189 2688 150
M 13662 5861 150
118
131
Standard Error Stream:
M 3189 2688 135
M 3189 2688 135
119
131
Standard Error Stream:
2 59
1 59
8
0 WIZARD 3585 1701 -259 227 0
1 WIZARD 13655 5949 43 -36 0
2 OPPONENT_WIZARD 4765 4055 -181 19 0
3 OPPONENT_WIZARD 4628 2590 -367 -40 0
6 SNAFFLE 3064 2693 -94 4 0
8 SNAFFLE 15170 4776 255 -150 0
9 BLUDGER 4291 3184 35 41 2
10 BLUDGER 15751 4835 117 445 2
M 3064 2693 150
M 13775 5859 150
120
131
Standard Error Stream:
M 3064 2693 135
M 3064 2693 135
121
131
Standard Error Stream:
2 60
1 60
8
0 WIZARD 3256 2061 -247 270 0
1 WIZARD 13818 5823 122 -95 0
2 OPPONENT_WIZARD 4479 3990 -215 -49 0
3 OPPONENT_WIZARD 4179 2348 -318 -256 0
6 SNAFFLE 2970 2697 -71 3 0
8 SNAFFLE 15425 4626 191 -113 0
9 BLUDGER 4381 3143 78 -26 3
10 BLUDGER 15736 5299 -382 -245 2
M 2970 2697 150
M 15425 4626 150
122
131
Standard Error Stream:
M 2970 2697 135
M 2970 2697 135
123
131
Standard Error Stream:
2 61
1 61
8
0 WIZARD 2947 2468 -231 305 1
1 WIZARD 14060 5638 182 -138 0
2 OPPONENT_WIZARD 4161 3853 -238 -103 0
3 OPPONENT_WIZARD 3731 2129 -336 -164 0
6 SNAFFLE 2947 2468 -231 305 1
8 SNAFFLE 15616 4513 143 -85 0
9 BLUDGER 4473 3241 83 88 3
10 BLUDGER 15233 5087 -452 -191 2
T 16000 3750 500
M 15616 4513 150
124
131
Standard Error Stream:
M 2947 2468 135
M 2947 2468 135
125
131
Standard Error Stream:
2 62
1 62
8
0 WIZARD 2716 2773 -173 229 0
1 WIZARD 14310 5479 -277 467 0
2 OPPONENT_WIZARD 3834 3648 -245 -153 0
3 OPPONENT_WIZARD 3271 2019 -345 -83 0
6 SNAFFLE 3711 2871 573 302 0
8 SNAFFLE 15759 4428 107 -64 0
9 BLUDGER 4499 3440 24 179 3
10 BLUDGER 14675 4941 -433 -219 1
M 3711 2871 150
M 15759 4428 150
126
131
Standard Error Stream:
M 3711 2871 135
M 3711 2871 135
127
131
Standard Error Stream:
2 63
1 63
8
0 WIZARD 2692 3017 -18 183 0
1 WIZARD 14154 5858 -117 284 0
2 OPPONENT_WIZARD 3568 3362 -200 -215 0
3 OPPONENT_WIZARD 2988 2056 -212 28 0
6 SNAFFLE 4284 3173 430 227 0
8 SNAFFLE 15866 4364 80 -48 0
9 BLUDGER 4404 3656 -86 195 3
10 BLUDGER 14118 4707 -501 -210 1
M 4284 3173 150
M 15866 4364 150
128
131
Standard Error Stream:
M 4284 3173 135
M 4284 3173 135
129
131
Standard Error Stream:
2 64
1 64
8
0 WIZARD 2671 3186 -107 110 0
1 WIZARD 14150 6043 -3 139 0
2 OPPONENT_WIZARD 3651 3141 154 -149 0
3 OPPONENT_WIZARD 2878 2172 -82 87 0
6 SNAFFLE 4714 3400 323 170 0
8 SNAFFLE 15946 4316 60 -36 0
9 BLUDGER 4200 3810 -184 138 3
10 BLUDGER 13493 4481 -562 -203 1
M 4714 3400 150
M 14164 5894 150
130
131
Standard Error Stream:
M 4714 3400 135
M 3021 2126 135
131
131
C




2069
2070
2071
2072
2073
2074
2075
2076
2077
2078
2079
2080
2081
2082
2083
2084
2085
2086
2087
2088
2089
2090
2091
2092
2093
2094
2095
2096
2097
2098
2099
2100
2101
2102
2103
2104
2105
2106
2107
        //}
        //gms1[0] = gms[0];
        //simThrow = 0;
        //simFrom(0);
    }
    window = S2D_CreateWindow(
        "Fantastic Bits", (int)(width / zoom), (int)(height / zoom), update, render, 0
    );
    window->background.r = 1.0;
    window->background.g = 1.0;
    window->background.b = 1.0;
    window->on_key = on_key;
    gmIx = startTick % gmC;
    *liveGm = gms1[gmIx];
    S2D_Show(window);
    S2D_FreeWindow(window);
}
#endif
int main(int argc, char *argv[])
{
    start = clock();
    mkPole(&poles[0], 0, goalY - goalR);
    mkPole(&poles[1], 0, goalY + goalR);
    mkPole(&poles[2], width, goalY - goalR);
    mkPole(&poles[3], width, goalY + goalR);
    if (lcl)
    {
        runLocal();
    }
    else
    {
        battle();
    }
    return 0;
}
PLAYERSOPTIONS
 
MANUAL
AUTO

seed=88176102

Actions
PLAY MY CODE REPLAY IN SAME CONDITIONS  SUBMIT
